# wavelength (A)  f_lam (erg/s/cm2/A) fe_lam (erg/s/cm2/A)
1.000130e+04 4.888853e-18 1.263305e-18
1.001230e+04 5.428628e-18 1.260984e-18
1.002330e+04 3.036340e-18 1.258646e-18
1.003430e+04 7.213191e-18 1.256294e-18
1.004530e+04 4.927867e-18 1.253926e-18
1.005630e+04 6.230799e-18 1.251543e-18
1.006730e+04 7.301694e-18 1.249146e-18
1.007830e+04 5.776006e-18 1.246736e-18
1.008930e+04 5.530228e-18 1.244312e-18
1.010030e+04 3.000121e-18 1.241875e-18
1.011130e+04 5.972356e-18 1.239425e-18
1.012230e+04 4.173234e-18 1.236964e-18
1.013330e+04 6.711265e-18 1.234491e-18
1.014430e+04 5.609253e-18 1.232006e-18
1.015530e+04 5.615519e-18 1.229511e-18
1.016630e+04 4.769956e-18 1.227005e-18
1.017730e+04 6.502653e-18 1.224489e-18
1.018830e+04 5.440162e-18 1.221963e-18
1.019930e+04 4.358974e-18 1.219428e-18
1.021030e+04 5.905814e-18 1.216885e-18
1.022130e+04 3.508976e-18 1.214333e-18
1.023230e+04 5.496289e-18 1.211773e-18
1.024330e+04 5.699380e-18 1.209205e-18
1.025430e+04 4.798887e-18 1.206631e-18
1.026530e+04 5.320795e-18 1.204049e-18
1.027630e+04 5.530331e-18 1.201461e-18
1.028730e+04 5.168417e-18 1.198868e-18
1.029830e+04 4.057643e-18 1.196268e-18
1.030930e+04 3.507500e-18 1.193664e-18
1.032030e+04 2.945453e-18 1.191055e-18
1.033130e+04 3.322549e-18 1.188441e-18
1.034230e+04 3.131165e-18 1.185824e-18
1.035330e+04 4.044892e-18 1.183202e-18
1.036430e+04 5.093556e-18 1.180578e-18
1.037530e+04 7.112750e-18 1.177951e-18
1.038630e+04 6.392400e-18 1.175321e-18
1.039730e+04 4.082459e-18 1.172689e-18
1.040830e+04 4.352891e-18 1.170055e-18
1.041930e+04 3.890856e-18 1.167420e-18
1.043030e+04 3.302379e-18 1.164784e-18
1.044130e+04 5.170544e-18 1.162147e-18
1.045230e+04 3.113441e-18 1.159510e-18
1.046330e+04 5.208730e-18 1.156873e-18
1.047430e+04 4.488913e-18 1.154237e-18
1.048530e+04 6.201309e-18 1.151601e-18
1.049630e+04 5.259738e-18 1.148966e-18
1.050730e+04 5.259560e-18 1.146333e-18
1.051830e+04 5.282962e-18 1.143701e-18
1.052930e+04 3.572523e-18 1.141072e-18
1.054030e+04 4.197606e-18 1.138444e-18
1.055130e+04 4.430428e-18 1.135820e-18
1.056230e+04 4.678555e-18 1.133199e-18
1.057330e+04 4.107151e-18 1.130580e-18
1.058430e+04 4.583480e-18 1.127966e-18
1.059530e+04 4.424113e-18 1.125355e-18
1.060630e+04 4.613125e-18 1.122749e-18
1.061730e+04 3.865663e-18 1.120147e-18
1.062830e+04 4.202244e-18 1.117550e-18
1.063930e+04 4.603143e-18 1.114958e-18
1.065030e+04 3.690337e-18 1.112372e-18
1.066130e+04 4.704141e-18 1.109791e-18
1.067230e+04 4.351928e-18 1.107216e-18
1.068330e+04 4.599853e-18 1.104647e-18
1.069430e+04 3.366993e-18 1.102085e-18
1.070530e+04 3.598192e-18 1.099529e-18
1.071630e+04 4.063172e-18 1.096981e-18
1.072730e+04 5.352586e-18 1.094439e-18
1.073830e+04 3.376320e-18 1.091905e-18
1.074930e+04 5.217238e-18 1.089379e-18
1.076030e+04 4.315496e-18 1.086860e-18
1.077130e+04 5.211607e-18 1.084350e-18
1.078230e+04 4.409916e-18 1.081848e-18
1.079330e+04 4.415818e-18 1.079354e-18
1.080430e+04 5.612460e-18 1.076870e-18
1.081530e+04 5.079206e-18 1.074394e-18
1.082630e+04 3.748839e-18 1.071927e-18
1.083730e+04 4.592083e-18 1.069470e-18
1.084830e+04 4.348725e-18 1.067023e-18
1.085930e+04 5.585824e-18 1.064585e-18
1.087030e+04 4.735749e-18 1.062157e-18
1.088130e+04 3.992460e-18 1.059739e-18
1.089230e+04 4.601596e-18 1.057331e-18
1.090330e+04 3.999973e-18 1.054934e-18
1.091430e+04 4.462610e-18 1.052548e-18
1.092530e+04 5.250209e-18 1.050172e-18
1.093630e+04 4.610585e-18 1.047807e-18
1.094730e+04 5.639611e-18 1.045454e-18
1.095830e+04 3.380930e-18 1.043111e-18
1.096930e+04 3.330481e-18 1.040780e-18
1.098030e+04 3.845827e-18 1.038460e-18
1.099130e+04 3.707292e-18 1.036152e-18
1.100230e+04 3.015150e-18 1.033856e-18
1.101330e+04 3.280620e-18 1.031572e-18
1.102430e+04 3.262349e-18 1.029299e-18
1.103530e+04 6.079299e-18 1.027039e-18
1.104630e+04 4.431861e-18 1.024791e-18
1.105730e+04 5.009269e-18 1.022555e-18
1.106830e+04 4.435828e-18 1.020331e-18
1.107930e+04 4.083706e-18 1.018120e-18
1.109030e+04 4.095011e-18 1.015922e-18
1.110130e+04 3.982046e-18 1.013736e-18
1.111230e+04 3.196409e-18 1.011563e-18
1.112330e+04 4.339530e-18 1.009403e-18
1.113430e+04 4.055590e-18 1.007256e-18
1.114530e+04 2.799707e-18 1.005121e-18
1.115630e+04 4.654363e-18 1.003000e-18
1.116730e+04 5.076497e-18 1.000892e-18
1.117830e+04 4.009325e-18 9.987964e-19
1.118930e+04 5.854239e-18 9.967144e-19
1.120030e+04 5.201694e-18 9.946456e-19
1.121130e+04 4.456752e-18 9.925901e-19
1.122230e+04 3.145318e-18 9.905479e-19
1.123330e+04 4.371722e-18 9.885190e-19
1.124430e+04 2.750709e-18 9.865035e-19
1.125530e+04 3.903627e-18 9.845013e-19
1.126630e+04 3.023450e-18 9.825126e-19
1.127730e+04 4.942299e-18 9.805373e-19
1.128830e+04 4.662942e-18 9.785755e-19
1.129930e+04 4.464093e-18 9.766271e-19
1.131030e+04 2.991558e-18 9.746922e-19
1.132130e+04 3.823900e-18 9.727708e-19
1.133230e+04 3.907250e-18 9.708628e-19
1.134330e+04 4.508352e-18 9.689684e-19
1.135430e+04 5.125161e-18 9.670874e-19
1.136530e+04 5.632862e-18 9.652199e-19
1.137630e+04 2.364192e-18 9.633658e-19
1.138730e+04 4.540752e-18 9.615252e-19
1.139830e+04 4.823051e-18 9.596980e-19
1.140930e+04 2.734271e-18 9.578842e-19
1.142030e+04 3.686918e-18 9.560838e-19
1.143130e+04 2.618130e-18 9.542967e-19
1.144230e+04 3.555630e-18 9.525230e-19
1.145330e+04 2.933110e-18 9.507626e-19
1.146430e+04 3.704829e-18 9.490154e-19
1.147530e+04 3.366816e-18 9.472814e-19
1.148630e+04 3.499650e-18 9.455607e-19
1.149730e+04 5.317869e-18 9.438530e-19
1.150830e+04 2.190079e-18 9.421585e-19
1.151930e+04 4.289366e-18 9.404770e-19
1.153030e+04 4.029641e-18 9.388085e-19
1.154130e+04 4.893660e-18 9.371529e-19
1.155230e+04 3.766615e-18 9.355103e-19
1.156330e+04 3.565596e-18 9.338805e-19
1.157430e+04 2.426928e-18 9.322634e-19
1.158530e+04 3.388683e-18 9.306591e-19
1.159630e+04 3.381326e-18 9.290675e-19
1.160730e+04 4.415441e-18 9.274884e-19
1.161830e+04 2.817458e-18 9.259219e-19
1.162930e+04 5.036837e-18 9.243678e-19
1.164030e+04 3.546235e-18 9.228261e-19
1.165130e+04 4.977198e-18 9.212968e-19
1.166230e+04 3.930180e-18 9.197797e-19
1.167330e+04 3.208349e-18 9.182748e-19
1.168430e+04 4.979448e-18 9.167820e-19
1.169530e+04 2.584196e-18 9.153012e-19
1.170630e+04 3.121893e-18 9.138323e-19
1.171730e+04 5.655475e-18 9.123754e-19
1.172830e+04 3.738193e-18 9.109302e-19
1.173930e+04 2.996257e-18 9.094967e-19
1.175030e+04 3.974653e-18 9.080748e-19
1.176130e+04 3.439846e-18 9.066644e-19
1.177230e+04 4.573369e-18 9.052655e-19
1.178330e+04 4.170021e-18 9.038780e-19
1.179430e+04 1.971894e-18 9.025017e-19
1.180530e+04 3.886833e-18 9.011366e-19
1.181630e+04 2.354521e-18 8.997826e-19
1.182730e+04 3.547609e-18 8.984396e-19
1.183830e+04 3.205937e-18 8.971075e-19
1.184930e+04 3.391347e-18 8.957862e-19
1.186030e+04 4.165818e-18 8.944756e-19
1.187130e+04 1.502052e-18 8.931757e-19
1.188230e+04 6.352572e-18 8.918863e-19
1.189330e+04 3.484759e-18 8.906073e-19
1.190430e+04 4.197256e-18 8.893387e-19
1.191530e+04 3.522223e-18 8.880804e-19
1.192630e+04 3.643629e-18 8.868322e-19
1.193730e+04 4.421188e-18 8.855940e-19
1.194830e+04 1.862505e-18 8.843658e-19
1.195930e+04 4.224128e-18 8.831475e-19
1.197030e+04 3.213534e-18 8.819389e-19
1.198130e+04 3.191780e-18 8.807400e-19
1.199230e+04 4.943381e-18 8.795506e-19
1.200330e+04 2.580169e-18 8.783708e-19
1.201430e+04 3.327392e-18 8.772003e-19
1.202530e+04 3.320825e-18 8.760391e-19
1.203630e+04 1.789195e-18 8.748870e-19
1.204730e+04 2.754037e-18 8.737441e-19
1.205830e+04 3.379240e-18 8.726101e-19
1.206930e+04 2.569332e-18 8.714851e-19
1.208030e+04 3.122314e-18 8.703688e-19
1.209130e+04 2.678408e-18 8.692612e-19
1.210230e+04 2.307606e-18 8.681622e-19
1.211330e+04 2.667877e-18 8.670717e-19
1.212430e+04 3.353498e-18 8.659896e-19
1.213530e+04 3.623262e-18 8.649158e-19
1.214630e+04 3.337793e-18 8.638502e-19
1.215730e+04 3.005893e-18 8.627928e-19
1.216830e+04 3.130243e-18 8.617434e-19
1.217930e+04 3.996247e-18 8.607019e-19
1.219030e+04 4.093523e-18 8.596682e-19
1.220130e+04 2.504460e-18 8.586423e-19
1.221230e+04 4.398462e-18 8.576240e-19
1.222330e+04 2.462960e-18 8.566133e-19
1.223430e+04 3.644993e-18 8.556101e-19
1.224530e+04 2.823262e-18 8.546142e-19
1.225630e+04 3.100203e-18 8.536256e-19
1.226730e+04 1.920054e-18 8.526442e-19
1.227830e+04 2.915547e-18 8.516699e-19
1.228930e+04 3.555279e-18 8.507027e-19
1.230030e+04 2.533807e-18 8.497424e-19
1.231130e+04 3.966422e-18 8.487889e-19
1.232230e+04 2.735703e-18 8.478423e-19
1.233330e+04 3.826510e-18 8.469023e-19
1.234430e+04 2.861470e-18 8.459689e-19
1.235530e+04 3.121797e-18 8.450421e-19
1.236630e+04 2.474974e-18 8.441217e-19
1.237730e+04 2.385515e-18 8.432077e-19
1.238830e+04 3.354475e-18 8.423000e-19
1.239930e+04 1.678170e-18 8.413986e-19
1.241030e+04 1.436190e-18 8.405032e-19
1.242130e+04 3.139875e-18 8.396140e-19
1.243230e+04 3.290842e-18 8.387307e-19
1.244330e+04 5.120830e-18 8.378534e-19
1.245430e+04 2.766315e-18 8.369819e-19
1.246530e+04 2.904659e-18 8.361163e-19
1.247630e+04 3.892714e-18 8.352563e-19
1.248730e+04 3.058941e-18 8.344020e-19
1.249830e+04 3.995010e-18 8.335533e-19
1.250930e+04 3.652958e-18 8.327101e-19
1.252030e+04 2.695908e-18 8.318724e-19
1.253130e+04 3.608665e-18 8.310401e-19
1.254230e+04 4.359228e-18 8.302131e-19
1.255330e+04 2.926679e-18 8.293914e-19
1.256430e+04 3.688479e-18 8.285749e-19
1.257530e+04 2.488304e-18 8.277636e-19
1.258630e+04 2.045812e-18 8.269574e-19
1.259730e+04 2.973272e-18 8.261562e-19
1.260830e+04 3.420774e-18 8.253601e-19
1.261930e+04 2.690156e-18 8.245688e-19
1.263030e+04 4.426940e-18 8.237825e-19
1.264130e+04 5.078878e-18 8.230011e-19
1.265230e+04 4.545396e-18 8.222244e-19
1.266330e+04 3.490917e-18 8.214526e-19
1.267430e+04 3.313630e-18 8.206854e-19
1.268530e+04 2.804667e-18 8.199229e-19
1.269630e+04 2.898247e-18 8.191651e-19
1.270730e+04 2.117487e-18 8.184118e-19
1.271830e+04 3.081077e-18 8.176631e-19
1.272930e+04 1.874972e-18 8.169189e-19
1.274030e+04 2.341919e-18 8.161793e-19
1.275130e+04 3.253745e-18 8.154440e-19
1.276230e+04 2.854857e-18 8.147132e-19
1.277330e+04 2.797407e-18 8.139868e-19
1.278430e+04 2.319878e-18 8.132648e-19
1.279530e+04 2.240275e-18 8.125471e-19
1.280630e+04 3.181987e-18 8.118337e-19
1.281730e+04 2.567714e-18 8.111245e-19
1.282830e+04 2.933897e-18 8.104197e-19
1.283930e+04 2.953697e-18 8.097191e-19
1.285030e+04 3.350747e-18 8.090227e-19
1.286130e+04 3.870147e-18 8.083304e-19
1.287230e+04 3.339721e-18 8.076424e-19
1.288330e+04 5.240668e-18 8.069586e-19
1.289430e+04 4.717711e-18 8.062789e-19
1.290530e+04 3.460115e-18 8.056033e-19
1.291630e+04 3.008978e-18 8.049319e-19
1.292730e+04 2.514539e-18 8.042645e-19
1.293830e+04 2.686038e-18 8.036013e-19
1.294930e+04 3.565270e-18 8.029422e-19
1.296030e+04 1.730925e-18 8.022872e-19
1.297130e+04 1.298130e-18 8.016362e-19
1.298230e+04 3.048091e-18 8.009894e-19
1.299330e+04 4.399916e-18 8.003466e-19
1.300430e+04 8.211388e-18 7.997079e-19
1.301530e+04 1.027043e-17 7.990733e-19
1.302630e+04 1.023811e-17 7.984427e-19
1.303730e+04 5.440128e-18 7.978163e-19
1.304830e+04 4.636847e-18 7.971939e-19
1.305930e+04 3.852144e-18 7.965756e-19
1.307030e+04 1.756841e-18 7.959614e-19
1.308130e+04 3.140002e-18 7.953514e-19
1.309230e+04 2.261198e-18 7.947454e-19
1.310330e+04 3.428170e-18 7.941436e-19
1.311430e+04 2.572592e-18 7.935459e-19
1.312530e+04 3.138583e-18 7.929523e-19
1.313630e+04 3.467884e-18 7.923629e-19
1.314730e+04 3.417438e-18 7.917777e-19
1.315830e+04 4.152013e-18 7.911967e-19
1.316930e+04 1.105240e-18 7.906199e-19
1.318030e+04 1.245979e-18 7.900473e-19
1.319130e+04 1.708844e-18 7.894789e-19
1.320230e+04 2.508157e-18 7.889148e-19
1.321330e+04 1.973576e-18 7.883550e-19
1.322430e+04 1.535813e-18 7.877995e-19
1.323530e+04 1.279439e-18 7.872483e-19
1.324630e+04 1.849159e-18 7.867014e-19
1.325730e+04 2.169279e-18 7.861590e-19
1.326830e+04 3.219008e-18 7.856209e-19
1.327930e+04 3.170351e-18 7.850872e-19
1.329030e+04 1.150031e-18 7.845580e-19
1.330130e+04 3.526260e-18 7.840332e-19
1.331230e+04 4.000886e-18 7.835130e-19
1.332330e+04 3.184949e-18 7.829972e-19
1.333430e+04 3.121620e-18 7.824861e-19
1.334530e+04 3.321665e-18 7.819795e-19
1.335630e+04 2.301819e-18 7.814775e-19
1.336730e+04 2.875559e-18 7.809801e-19
1.337830e+04 3.368235e-18 7.804875e-19
1.338930e+04 2.271338e-18 7.799995e-19
1.340030e+04 1.728127e-18 7.795162e-19
1.341130e+04 3.354855e-18 7.790378e-19
1.342230e+04 3.576859e-18 7.785641e-19
1.343330e+04 1.986602e-18 7.780953e-19
1.344430e+04 3.679442e-18 7.776313e-19
1.345530e+04 4.200989e-18 7.771722e-19
1.346630e+04 2.573742e-18 7.767181e-19
1.347730e+04 3.297435e-18 7.762690e-19
1.348830e+04 2.971541e-18 7.758248e-19
1.349930e+04 2.106747e-18 7.753857e-19
1.351030e+04 3.474272e-18 7.749517e-19
1.352130e+04 2.720480e-18 7.745227e-19
1.353230e+04 2.814983e-18 7.740990e-19
1.354330e+04 1.231766e-18 7.736803e-19
1.355430e+04 2.726574e-18 7.732670e-19
1.356530e+04 3.749517e-18 7.728588e-19
1.357630e+04 3.404041e-18 7.724560e-19
1.358730e+04 2.166017e-18 7.720585e-19
1.359830e+04 1.665840e-18 7.716664e-19
1.360930e+04 2.445499e-18 7.712797e-19
1.362030e+04 3.264258e-18 7.708984e-19
1.363130e+04 1.398976e-18 7.705226e-19
1.364230e+04 2.559419e-18 7.701523e-19
1.365330e+04 1.813339e-18 7.697875e-19
1.366430e+04 2.640576e-18 7.694282e-19
1.367530e+04 2.287638e-18 7.690746e-19
1.368630e+04 2.327105e-18 7.687266e-19
1.369730e+04 3.064988e-18 7.683842e-19
1.370830e+04 3.295033e-18 7.680475e-19
1.371930e+04 1.602908e-18 7.677166e-19
1.373030e+04 2.461411e-18 7.673914e-19
1.374130e+04 4.303988e-18 7.670719e-19
1.375230e+04 2.267453e-18 7.667583e-19
1.376330e+04 2.449767e-18 7.664505e-19
1.377430e+04 3.040663e-18 7.661485e-19
1.378530e+04 1.481441e-18 7.658524e-19
1.379630e+04 1.203829e-18 7.655622e-19
1.380730e+04 4.068176e-18 7.652780e-19
1.381830e+04 1.852819e-18 7.649997e-19
1.382930e+04 2.446573e-18 7.647274e-19
1.384030e+04 2.689026e-18 7.644611e-19
1.385130e+04 2.781140e-18 7.642008e-19
1.386230e+04 2.793143e-18 7.639466e-19
1.387330e+04 2.682974e-18 7.636984e-19
1.388430e+04 4.020803e-18 7.634563e-19
1.389530e+04 2.539211e-18 7.632204e-19
1.390630e+04 2.369087e-18 7.629905e-19
1.391730e+04 2.605196e-18 7.627668e-19
1.392830e+04 2.511067e-18 7.625492e-19
1.393930e+04 1.142455e-18 7.623378e-19
1.395030e+04 3.224296e-18 7.621325e-19
1.396130e+04 2.471906e-18 7.619335e-19
1.397230e+04 3.091271e-18 7.617406e-19
1.398330e+04 2.892338e-18 7.615540e-19
1.399430e+04 1.587103e-18 7.613736e-19
1.400530e+04 1.980831e-18 7.611994e-19
1.401630e+04 2.720612e-18 7.610315e-19
1.402730e+04 2.040285e-18 7.608697e-19
1.403830e+04 1.788615e-18 7.607143e-19
1.404930e+04 2.456152e-18 7.605651e-19
1.406030e+04 1.683552e-18 7.604221e-19
1.407130e+04 1.390582e-18 7.602854e-19
1.408230e+04 2.998278e-18 7.601549e-19
1.409330e+04 2.721838e-18 7.600307e-19
1.410430e+04 2.142292e-18 7.599127e-19
1.411530e+04 1.842272e-18 7.598009e-19
1.412630e+04 2.580272e-18 7.596954e-19
1.413730e+04 1.979183e-18 7.595961e-19
1.414830e+04 2.132600e-18 7.595031e-19
1.415930e+04 1.680548e-18 7.594162e-19
1.417030e+04 1.429618e-18 7.593356e-19
1.418130e+04 1.973362e-18 7.592611e-19
1.419230e+04 1.931293e-18 7.591928e-19
1.420330e+04 2.369005e-18 7.591306e-19
1.421430e+04 2.895273e-18 7.590746e-19
1.422530e+04 1.560087e-18 7.590247e-19
1.423630e+04 2.304668e-18 7.589810e-19
1.424730e+04 2.096782e-18 7.589433e-19
1.425830e+04 1.322109e-18 7.589116e-19
1.426930e+04 1.958222e-18 7.588860e-19
1.428030e+04 6.579846e-19 7.588664e-19
1.429130e+04 1.207607e-18 7.588528e-19
1.430230e+04 2.005201e-18 7.588452e-19
1.431330e+04 3.360090e-18 7.588435e-19
1.432430e+04 3.328730e-18 7.588477e-19
1.433530e+04 1.927240e-18 7.588578e-19
1.434630e+04 2.416010e-18 7.588737e-19
1.435730e+04 2.228894e-18 7.588954e-19
1.436830e+04 1.301856e-18 7.589228e-19
1.437930e+04 2.263882e-18 7.589561e-19
1.439030e+04 2.886097e-18 7.589949e-19
1.440130e+04 3.300639e-18 7.590395e-19
1.441230e+04 2.220349e-18 7.590897e-19
1.442330e+04 3.702670e-18 7.591454e-19
1.443430e+04 2.419175e-18 7.592066e-19
1.444530e+04 3.248625e-18 7.592734e-19
1.445630e+04 2.400000e-18 7.593456e-19
1.446730e+04 2.391966e-18 7.594231e-19
1.447830e+04 2.226897e-18 7.595061e-19
1.448930e+04 2.278132e-18 7.595943e-19
1.450030e+04 2.189540e-18 7.596877e-19
1.451130e+04 2.851576e-18 7.597864e-19
1.452230e+04 2.847971e-18 7.598901e-19
1.453330e+04 3.572635e-18 7.599990e-19
1.454430e+04 1.590193e-18 7.601129e-19
1.455530e+04 1.696181e-18 7.602318e-19
1.456630e+04 3.110363e-18 7.603556e-19
1.457730e+04 3.078141e-18 7.604842e-19
1.458830e+04 3.334943e-18 7.606177e-19
1.459930e+04 2.934951e-18 7.607558e-19
1.461030e+04 2.206686e-18 7.608987e-19
1.462130e+04 2.643505e-18 7.610462e-19
1.463230e+04 1.438198e-18 7.611982e-19
1.464330e+04 1.990246e-18 7.613547e-19
1.465430e+04 2.124443e-18 7.615157e-19
1.466530e+04 2.380061e-18 7.616810e-19
1.467630e+04 2.420001e-18 7.618505e-19
1.468730e+04 2.762573e-18 7.620243e-19
1.469830e+04 2.215802e-18 7.622023e-19
1.470930e+04 1.817582e-18 7.623843e-19
1.472030e+04 1.788423e-18 7.625704e-19
1.473130e+04 1.971078e-18 7.627604e-19
1.474230e+04 2.445224e-18 7.629542e-19
1.475330e+04 2.278683e-18 7.631519e-19
1.476430e+04 1.191521e-18 7.633532e-19
1.477530e+04 1.897501e-18 7.635583e-19
1.478630e+04 3.303753e-18 7.637668e-19
1.479730e+04 8.609077e-19 7.639789e-19
1.480830e+04 9.618991e-19 7.641944e-19
1.481930e+04 1.933616e-18 7.644133e-19
1.483030e+04 2.533152e-18 7.646354e-19
1.484130e+04 1.399583e-18 7.648607e-19
1.485230e+04 1.890171e-18 7.650891e-19
1.486330e+04 1.679664e-18 7.653206e-19
1.487430e+04 2.697177e-18 7.655550e-19
1.488530e+04 1.823316e-18 7.657923e-19
1.489630e+04 8.665466e-19 7.660323e-19
1.490730e+04 1.523778e-18 7.662751e-19
1.491830e+04 1.907493e-18 7.665205e-19
1.492930e+04 2.268090e-18 7.667685e-19
1.494030e+04 1.517936e-18 7.670189e-19
1.495130e+04 2.875794e-18 7.672717e-19
1.496230e+04 1.153483e-18 7.675268e-19
1.497330e+04 2.865071e-18 7.677841e-19
1.498430e+04 1.744305e-18 7.680435e-19
1.499530e+04 2.106078e-18 7.683050e-19
1.500630e+04 2.762924e-20 7.685684e-19
1.501730e+04 1.097504e-18 7.688338e-19
1.502830e+04 1.890789e-18 7.691009e-19
1.503930e+04 3.608615e-18 7.693697e-19
1.505030e+04 2.403558e-19 7.696402e-19
1.506130e+04 1.251500e-18 7.699123e-19
1.507230e+04 3.736051e-18 7.701858e-19
1.508330e+04 2.495700e-18 7.704607e-19
1.509430e+04 1.513743e-18 7.707369e-19
1.510530e+04 1.547187e-18 7.710143e-19
1.511630e+04 2.304885e-18 7.712928e-19
1.512730e+04 2.692780e-18 7.715724e-19
1.513830e+04 2.800791e-18 7.718530e-19
1.514930e+04 2.961491e-18 7.721345e-19
1.516030e+04 3.135739e-18 7.724168e-19
1.517130e+04 3.653041e-18 7.726998e-19
1.518230e+04 1.484773e-18 7.729835e-19
1.519330e+04 3.037954e-18 7.732677e-19
1.520430e+04 2.867883e-18 7.735524e-19
1.521530e+04 9.043264e-19 7.738375e-19
1.522630e+04 1.841211e-18 7.741229e-19
1.523730e+04 2.732518e-18 7.744086e-19
1.524830e+04 1.344962e-18 7.746945e-19
1.525930e+04 1.431139e-18 7.749804e-19
1.527030e+04 1.037663e-18 7.752663e-19
1.528130e+04 2.273660e-18 7.755521e-19
1.529230e+04 1.513036e-18 7.758378e-19
1.530330e+04 9.547318e-19 7.761233e-19
1.531430e+04 2.612892e-18 7.764084e-19
1.532530e+04 2.253123e-18 7.766932e-19
1.533630e+04 2.717137e-18 7.769775e-19
1.534730e+04 1.845039e-18 7.772613e-19
1.535830e+04 1.164783e-18 7.775445e-19
1.536930e+04 1.753877e-18 7.778269e-19
1.538030e+04 1.466670e-18 7.781086e-19
1.539130e+04 1.402890e-18 7.783895e-19
1.540230e+04 2.087864e-18 7.786695e-19
1.541330e+04 2.584406e-18 7.789485e-19
1.542430e+04 2.969539e-18 7.792264e-19
1.543530e+04 1.343869e-18 7.795032e-19
1.544630e+04 3.848806e-18 7.797789e-19
1.545730e+04 3.086369e-18 7.800532e-19
1.546830e+04 1.490257e-18 7.803263e-19
1.547930e+04 7.914306e-19 7.805979e-19
1.549030e+04 1.828632e-18 7.808681e-19
1.550130e+04 1.196102e-18 7.811367e-19
1.551230e+04 1.442336e-18 7.814037e-19
1.552330e+04 2.589141e-18 7.816691e-19
1.553430e+04 2.661116e-18 7.819327e-19
1.554530e+04 1.465286e-18 7.821946e-19
1.555630e+04 1.741888e-18 7.824545e-19
1.556730e+04 9.907414e-19 7.827126e-19
1.557830e+04 2.587322e-18 7.829687e-19
1.558930e+04 3.036700e-18 7.832227e-19
1.560030e+04 3.730813e-18 7.834747e-19
1.561130e+04 3.792691e-18 7.837245e-19
1.562230e+04 1.991541e-18 7.839721e-19
1.563330e+04 1.974797e-18 7.842174e-19
1.564430e+04 1.436919e-18 7.844603e-19
1.565530e+04 2.950322e-18 7.847009e-19
1.566630e+04 1.425621e-18 7.849391e-19
1.567730e+04 9.566014e-19 7.851747e-19
1.568830e+04 7.794733e-19 7.854079e-19
1.569930e+04 2.388349e-18 7.856384e-19
1.571030e+04 2.141514e-18 7.858662e-19
1.572130e+04 2.066285e-18 7.860914e-19
1.573230e+04 7.064492e-19 7.863138e-19
1.574330e+04 2.264663e-18 7.865335e-19
1.575430e+04 2.182226e-18 7.867503e-19
1.576530e+04 2.191049e-18 7.869642e-19
1.577630e+04 1.472530e-18 7.871752e-19
1.578730e+04 2.423894e-18 7.873832e-19
1.579830e+04 2.259207e-18 7.875881e-19
1.580930e+04 2.145849e-18 7.877901e-19
1.582030e+04 2.552866e-18 7.879889e-19
1.583130e+04 1.737831e-18 7.881846e-19
1.584230e+04 7.981433e-19 7.883771e-19
1.585330e+04 1.995796e-18 7.885663e-19
1.586430e+04 1.430410e-18 7.887524e-19
1.587530e+04 2.176317e-18 7.889351e-19
1.588630e+04 2.524467e-18 7.891145e-19
1.589730e+04 2.220013e-18 7.892906e-19
1.590830e+04 2.059119e-18 7.894633e-19
1.591930e+04 2.206766e-18 7.896325e-19
1.593030e+04 2.183835e-18 7.897983e-19
1.594130e+04 2.714301e-18 7.899606e-19
1.595230e+04 2.327484e-18 7.901194e-19
1.596330e+04 2.537605e-18 7.902747e-19
1.597430e+04 2.216140e-18 7.904264e-19
1.598530e+04 1.123887e-18 7.905744e-19
1.599630e+04 2.940488e-18 7.907189e-19
1.600730e+04 3.603965e-18 7.908598e-19
1.601830e+04 3.519688e-18 7.909969e-19
1.602930e+04 3.951163e-19 7.911304e-19
1.604030e+04 1.637190e-18 7.912602e-19
1.605130e+04 1.387055e-18 7.913862e-19
1.606230e+04 2.309417e-18 7.915085e-19
1.607330e+04 4.450776e-19 7.916270e-19
1.608430e+04 6.957593e-19 7.917418e-19
1.609530e+04 5.886059e-19 7.918527e-19
1.610630e+04 1.893587e-18 7.919599e-19
1.611730e+04 1.756117e-18 7.920632e-19
1.612830e+04 1.593103e-18 7.921627e-19
1.613930e+04 4.385246e-19 7.922583e-19
1.615030e+04 9.223758e-19 7.923501e-19
1.616130e+04 1.997934e-18 7.924380e-19
1.617230e+04 1.585872e-18 7.925220e-19
1.618330e+04 2.512718e-18 7.926022e-19
1.619430e+04 2.226323e-18 7.926785e-19
1.620530e+04 1.561463e-18 7.927508e-19
1.621630e+04 2.469797e-18 7.928193e-19
1.622730e+04 1.616078e-18 7.928839e-19
1.623830e+04 1.244999e-18 7.929446e-19
1.624930e+04 2.519918e-18 7.930013e-19
1.626030e+04 2.662371e-18 7.930542e-19
1.627130e+04 2.050007e-18 7.931032e-19
1.628230e+04 3.025440e-18 7.931482e-19
1.629330e+04 1.084714e-18 7.931894e-19
1.630430e+04 1.078030e-18 7.932267e-19
1.631530e+04 2.345647e-18 7.932601e-19
1.632630e+04 2.730288e-18 7.932896e-19
1.633730e+04 1.152949e-18 7.933153e-19
1.634830e+04 6.688417e-19 7.933370e-19
1.635930e+04 2.111905e-18 7.933550e-19
1.637030e+04 2.105025e-18 7.933691e-19
1.638130e+04 2.418667e-18 7.933793e-19
1.639230e+04 1.595368e-18 7.933858e-19
1.640330e+04 1.333760e-18 7.933884e-19
1.641430e+04 1.841181e-18 7.933873e-19
1.642530e+04 1.279144e-18 7.933823e-19
1.643630e+04 3.028357e-18 7.933737e-19
1.644730e+04 2.898870e-18 7.933612e-19
1.645830e+04 2.311847e-18 7.933451e-19
1.646930e+04 1.821121e-18 7.933253e-19
1.648030e+04 2.135346e-18 7.933017e-19
1.649130e+04 2.362981e-18 7.932746e-19
1.650230e+04 1.400455e-18 7.932437e-19
1.651330e+04 8.908140e-19 7.932093e-19
1.652430e+04 2.671527e-18 7.931713e-19
1.653530e+04 1.601453e-18 7.931297e-19
1.654630e+04 9.437786e-19 7.930846e-19
1.655730e+04 1.795276e-18 7.930359e-19
1.656830e+04 1.605651e-18 7.929838e-19
1.657930e+04 1.590028e-18 7.929283e-19
1.659030e+04 2.250409e-18 7.928693e-19
1.660130e+04 2.428446e-18 7.928069e-19
1.661230e+04 1.396667e-18 7.927412e-19
1.662330e+04 7.101365e-19 7.926721e-19
1.663430e+04 2.065421e-18 7.925997e-19
1.664530e+04 5.089249e-19 7.925241e-19
1.665630e+04 9.086396e-19 7.924453e-19
1.666730e+04 3.704197e-19 7.923633e-19
1.667830e+04 1.270914e-18 7.922781e-19
1.668930e+04 2.545833e-19 7.921898e-19
1.670030e+04 1.557147e-18 7.920984e-19
1.671130e+04 1.329215e-18 7.920040e-19
1.672230e+04 3.852174e-19 7.919066e-19
1.673330e+04 2.830183e-18 7.918063e-19
1.674430e+04 3.766074e-19 7.917030e-19
1.675530e+04 2.567819e-18 7.915969e-19
1.676630e+04 1.192968e-18 7.914880e-19
1.677730e+04 1.924479e-18 7.913762e-19
1.678830e+04 9.485661e-19 7.912617e-19
1.679930e+04 2.029115e-18 7.911446e-19
1.681030e+04 1.862209e-18 7.910247e-19
1.682130e+04 1.362233e-18 7.909023e-19
1.683230e+04 1.161683e-18 7.907773e-19
1.684330e+04 2.095901e-18 7.906498e-19
1.685430e+04 1.385621e-18 7.905199e-19
1.686530e+04 3.666699e-19 7.903875e-19
1.687630e+04 1.304197e-18 7.902528e-19
1.688730e+04 1.519142e-18 7.901158e-19
1.689830e+04 2.028875e-18 7.899765e-19
1.690930e+04 2.106379e-18 7.898351e-19
1.692030e+04 1.765330e-18 7.896915e-19
1.693130e+04 5.495144e-19 7.895457e-19
1.694230e+04 2.054476e-18 7.893980e-19
1.695330e+04 2.288626e-18 7.892482e-19
1.696430e+04 2.524955e-18 7.890966e-19
1.697530e+04 1.918886e-18 7.889430e-19
1.698630e+04 7.538661e-19 7.887876e-19
1.699730e+04 2.212626e-18 7.886305e-19
1.700830e+04 1.101255e-18 7.884716e-19
1.701930e+04 2.374809e-18 7.883111e-19
1.703030e+04 2.892754e-18 7.881490e-19
1.704130e+04 3.411607e-18 7.879853e-19
1.705230e+04 7.591710e-18 7.878202e-19
1.706330e+04 1.172776e-17 7.876536e-19
1.707430e+04 1.065000e-17 7.874857e-19
1.708530e+04 5.580742e-18 7.873165e-19
1.709630e+04 2.674079e-18 7.871460e-19
1.710730e+04 3.252763e-18 7.869743e-19
1.711830e+04 7.827149e-19 7.868015e-19
1.712930e+04 1.057813e-18 7.866277e-19
1.714030e+04 1.115908e-18 7.864528e-19
1.715130e+04 3.588105e-18 7.862770e-19
1.716230e+04 1.460367e-18 7.861003e-19
1.717330e+04 2.073791e-18 7.859227e-19
1.718430e+04 2.399250e-18 7.857444e-19
1.719530e+04 -1.451232e-19 7.855654e-19
1.720630e+04 9.908323e-19 7.853858e-19
1.721730e+04 2.018078e-18 7.852055e-19
1.722830e+04 1.447464e-18 7.850248e-19
1.723930e+04 1.281780e-18 7.848435e-19
1.725030e+04 1.065221e-18 7.846619e-19
1.726130e+04 2.488402e-18 7.844799e-19
1.727230e+04 1.361812e-18 7.842976e-19
1.728330e+04 1.915493e-18 7.841151e-19
1.729430e+04 1.393721e-18 7.839325e-19
1.730530e+04 9.889919e-19 7.837497e-19
1.731630e+04 1.630222e-18 7.835669e-19
1.732730e+04 1.241923e-18 7.833841e-19
1.733830e+04 3.906547e-18 7.832014e-19
1.734930e+04 3.035113e-18 7.830188e-19
1.736030e+04 2.207208e-18 7.828365e-19
1.737130e+04 3.919730e-18 7.826543e-19
1.738230e+04 1.447921e-18 7.824725e-19
1.739330e+04 3.139345e-18 7.822910e-19
1.740430e+04 1.347959e-18 7.821100e-19
1.741530e+04 3.898171e-18 7.819294e-19
1.742630e+04 2.549391e-18 7.817494e-19
1.743730e+04 2.267579e-18 7.815700e-19
1.744830e+04 2.144892e-18 7.813913e-19
1.745930e+04 8.239353e-19 7.812132e-19
1.747030e+04 2.662255e-18 7.810359e-19
1.748130e+04 1.488226e-18 7.808594e-19
1.749230e+04 3.435655e-18 7.806838e-19
1.750330e+04 1.290220e-18 7.805091e-19
1.751430e+04 2.362676e-18 7.803354e-19
1.752530e+04 1.319247e-18 7.801627e-19
1.753630e+04 1.780871e-18 7.799912e-19
1.754730e+04 2.097272e-18 7.798207e-19
1.755830e+04 2.070993e-18 7.796514e-19
1.756930e+04 1.911845e-18 7.794834e-19
1.758030e+04 1.675889e-18 7.793166e-19
1.759130e+04 2.000035e-18 7.791512e-19
1.760230e+04 2.513729e-18 7.789871e-19
1.761330e+04 1.495347e-18 7.788245e-19
1.762430e+04 2.013130e-18 7.786634e-19
1.763530e+04 1.947162e-18 7.785038e-19
1.764630e+04 2.026757e-18 7.783457e-19
1.765730e+04 2.376672e-18 7.781892e-19
1.766830e+04 3.138758e-18 7.780345e-19
1.767930e+04 1.659519e-18 7.778814e-19
1.769030e+04 2.872627e-18 7.777300e-19
1.770130e+04 2.109724e-18 7.775804e-19
1.771230e+04 2.787130e-18 7.774327e-19
1.772330e+04 1.942571e-18 7.772868e-19
1.773430e+04 1.390101e-18 7.771429e-19
1.774530e+04 1.236939e-18 7.770008e-19
1.775630e+04 1.769387e-18 7.768608e-19
1.776730e+04 1.800727e-18 7.767227e-19
1.777830e+04 1.776099e-18 7.765867e-19
1.778930e+04 1.958690e-18 7.764528e-19
1.780030e+04 2.398780e-19 7.763209e-19
1.781130e+04 2.211667e-18 7.761913e-19
1.782230e+04 2.740040e-18 7.760638e-19
1.783330e+04 3.695815e-19 7.759385e-19
1.784430e+04 1.606297e-18 7.758154e-19
1.785530e+04 1.175632e-18 7.756946e-19
1.786630e+04 1.892978e-18 7.755761e-19
1.787730e+04 2.064587e-18 7.754599e-19
1.788830e+04 2.258501e-18 7.753460e-19
1.789930e+04 1.043722e-18 7.752345e-19
1.791030e+04 1.290910e-18 7.751254e-19
1.792130e+04 2.294995e-18 7.750186e-19
1.793230e+04 3.267726e-19 7.749143e-19
1.794330e+04 3.246020e-19 7.748125e-19
1.795430e+04 1.310983e-18 7.747131e-19
1.796530e+04 2.196575e-18 7.746162e-19
1.797630e+04 1.149566e-18 7.745218e-19
1.798730e+04 1.589275e-18 7.744299e-19
1.799830e+04 9.448597e-19 7.743405e-19
1.800930e+04 1.906600e-18 7.742537e-19
1.802030e+04 2.607490e-18 7.741694e-19
1.803130e+04 1.280705e-18 7.740877e-19
1.804230e+04 2.228509e-18 7.740086e-19
1.805330e+04 2.521463e-18 7.739320e-19
1.806430e+04 2.454215e-18 7.738581e-19
1.807530e+04 1.638379e-18 7.737867e-19
1.808630e+04 2.779628e-18 7.737179e-19
1.809730e+04 9.440054e-19 7.736518e-19
1.810830e+04 1.079367e-18 7.735882e-19
1.811930e+04 1.896840e-18 7.735273e-19
1.813030e+04 1.796106e-18 7.734690e-19
1.814130e+04 1.513802e-18 7.734133e-19
1.815230e+04 2.611154e-18 7.733602e-19
1.816330e+04 1.357168e-18 7.733098e-19
1.817430e+04 2.289095e-18 7.732619e-19
1.818530e+04 1.254410e-18 7.732167e-19
1.819630e+04 2.272905e-18 7.731741e-19
1.820730e+04 2.607311e-18 7.731340e-19
1.821830e+04 1.983989e-18 7.730966e-19
1.822930e+04 1.264677e-18 7.730618e-19
1.824030e+04 1.573239e-18 7.730295e-19
1.825130e+04 1.448647e-18 7.729999e-19
1.826230e+04 1.723832e-18 7.729727e-19
1.827330e+04 1.263867e-18 7.729482e-19
1.828430e+04 1.327610e-18 7.729262e-19
1.829530e+04 3.639384e-18 7.729067e-19
1.830630e+04 2.010875e-18 7.728897e-19
1.831730e+04 9.887939e-19 7.728752e-19
1.832830e+04 1.840579e-18 7.728632e-19
1.833930e+04 2.352893e-18 7.728537e-19
1.835030e+04 1.371442e-18 7.728467e-19
1.836130e+04 1.170765e-18 7.728420e-19
1.837230e+04 1.278579e-18 7.728398e-19
1.838330e+04 1.977074e-18 7.728400e-19
1.839430e+04 1.192129e-18 7.728426e-19
1.840530e+04 6.935472e-19 7.728475e-19
1.841630e+04 2.851021e-18 7.728548e-19
1.842730e+04 3.011767e-18 7.728644e-19
1.843830e+04 1.865326e-18 7.728763e-19
1.844930e+04 2.005801e-18 7.728905e-19
1.846030e+04 5.333484e-19 7.729069e-19
1.847130e+04 1.235204e-18 7.729255e-19
1.848230e+04 3.026061e-18 7.729463e-19
1.849330e+04 -6.350576e-20 7.729693e-19
1.850430e+04 1.732695e-18 7.729945e-19
1.851530e+04 2.776876e-18 7.730218e-19
1.852630e+04 3.775262e-20 7.730511e-19
1.853730e+04 1.720998e-18 7.730825e-19
1.854830e+04 4.491011e-19 7.731160e-19
1.855930e+04 1.989668e-18 7.731515e-19
1.857030e+04 1.994998e-18 7.731889e-19
1.858130e+04 2.399148e-18 7.732283e-19
1.859230e+04 1.148500e-18 7.732696e-19
1.860330e+04 9.633180e-19 7.733128e-19
1.861430e+04 2.682277e-19 7.733578e-19
1.862530e+04 1.580678e-18 7.734047e-19
1.863630e+04 2.029236e-18 7.734533e-19
1.864730e+04 2.014308e-18 7.735037e-19
1.865830e+04 2.878555e-18 7.735558e-19
1.866930e+04 1.450326e-18 7.736096e-19
1.868030e+04 2.198944e-18 7.736650e-19
1.869130e+04 1.958883e-18 7.737221e-19
1.870230e+04 8.921113e-19 7.737808e-19
1.871330e+04 1.629322e-18 7.738410e-19
1.872430e+04 8.363352e-19 7.739027e-19
1.873530e+04 1.470578e-18 7.739660e-19
1.874630e+04 1.451912e-18 7.740307e-19
1.875730e+04 1.612231e-18 7.740968e-19
1.876830e+04 2.200432e-18 7.741643e-19
1.877930e+04 1.832438e-18 7.742331e-19
1.879030e+04 8.533813e-19 7.743033e-19
1.880130e+04 2.310825e-18 7.743748e-19
1.881230e+04 2.532959e-18 7.744475e-19
1.882330e+04 2.169009e-18 7.745214e-19
1.883430e+04 3.591333e-18 7.745966e-19
1.884530e+04 6.498674e-19 7.746728e-19
1.885630e+04 1.358424e-18 7.747502e-19
1.886730e+04 1.967881e-18 7.748286e-19
1.887830e+04 9.008807e-19 7.749081e-19
1.888930e+04 1.832747e-18 7.749887e-19
1.890030e+04 1.571564e-18 7.750702e-19
1.891130e+04 1.629224e-18 7.751526e-19
1.892230e+04 6.228931e-19 7.752359e-19
1.893330e+04 1.405257e-18 7.753201e-19
1.894430e+04 2.227385e-18 7.754052e-19
1.895530e+04 1.433854e-18 7.754911e-19
1.896630e+04 3.036342e-18 7.755777e-19
1.897730e+04 1.116726e-18 7.756651e-19
1.898830e+04 8.634429e-19 7.757532e-19
1.899930e+04 2.547546e-18 7.758420e-19
1.901030e+04 2.529720e-18 7.759314e-19
1.902130e+04 1.552267e-18 7.760215e-19
1.903230e+04 2.464462e-18 7.761121e-19
1.904330e+04 1.081607e-18 7.762033e-19
1.905430e+04 1.831741e-18 7.762950e-19
1.906530e+04 2.225356e-18 7.763872e-19
1.907630e+04 1.588151e-18 7.764798e-19
1.908730e+04 3.125489e-18 7.765729e-19
1.909830e+04 1.324183e-18 7.766664e-19
1.910930e+04 2.100283e-18 7.767602e-19
1.912030e+04 2.444705e-18 7.768544e-19
1.913130e+04 7.882988e-19 7.769490e-19
1.914230e+04 1.617785e-18 7.770438e-19
1.915330e+04 3.820642e-19 7.771388e-19
1.916430e+04 2.437517e-18 7.772341e-19
1.917530e+04 8.073775e-19 7.773296e-19
1.918630e+04 1.864480e-18 7.774253e-19
1.919730e+04 9.919298e-19 7.775212e-19
1.920830e+04 1.146405e-18 7.776171e-19
1.921930e+04 4.264947e-19 7.777132e-19
1.923030e+04 6.528701e-19 7.778094e-19
1.924130e+04 2.651350e-18 7.779056e-19
1.925230e+04 2.306781e-18 7.780018e-19
1.926330e+04 2.356397e-18 7.780981e-19
1.927430e+04 1.078860e-18 7.781944e-19
1.928530e+04 2.857306e-18 7.782906e-19
1.929630e+04 1.517241e-18 7.783868e-19
