# wavelength (A)  f_lam (erg/s/cm2/A) fe_lam (erg/s/cm2/A)
1.000935e+04 2.995148e-18 7.741997e-19
1.002035e+04 1.992737e-18 7.738535e-19
1.003135e+04 2.623952e-18 7.735091e-19
1.004235e+04 3.814074e-18 7.731666e-19
1.005335e+04 2.938889e-18 7.728258e-19
1.006435e+04 4.397913e-18 7.724867e-19
1.007535e+04 4.225508e-18 7.721491e-19
1.008635e+04 4.532108e-18 7.718129e-19
1.009735e+04 2.094570e-18 7.714781e-19
1.010835e+04 3.234251e-18 7.711446e-19
1.011935e+04 2.267723e-18 7.708122e-19
1.013035e+04 3.423533e-18 7.704808e-19
1.014135e+04 3.035392e-18 7.701505e-19
1.015235e+04 2.290520e-18 7.698210e-19
1.016335e+04 2.244033e-18 7.694923e-19
1.017435e+04 2.893663e-18 7.691643e-19
1.018535e+04 2.264695e-18 7.688369e-19
1.019635e+04 3.782785e-18 7.685100e-19
1.020735e+04 3.860663e-18 7.681835e-19
1.021835e+04 4.184190e-18 7.678572e-19
1.022935e+04 3.255481e-18 7.675312e-19
1.024035e+04 4.099535e-18 7.672054e-19
1.025135e+04 2.358292e-18 7.668795e-19
1.026235e+04 3.163401e-18 7.665536e-19
1.027335e+04 3.576343e-18 7.662275e-19
1.028435e+04 2.886146e-18 7.659011e-19
1.029535e+04 3.557712e-18 7.655744e-19
1.030635e+04 3.699434e-18 7.652473e-19
1.031735e+04 2.236013e-18 7.649197e-19
1.032835e+04 2.028444e-18 7.645914e-19
1.033935e+04 1.695035e-18 7.642624e-19
1.035035e+04 4.448337e-18 7.639327e-19
1.036135e+04 2.703980e-18 7.636021e-19
1.037235e+04 3.183587e-18 7.632704e-19
1.038335e+04 2.712662e-18 7.629378e-19
1.039435e+04 3.168899e-18 7.626040e-19
1.040535e+04 3.783518e-18 7.622690e-19
1.041635e+04 2.304641e-18 7.619327e-19
1.042735e+04 2.990716e-18 7.615949e-19
1.043835e+04 2.858998e-18 7.612558e-19
1.044935e+04 3.806178e-18 7.609150e-19
1.046035e+04 3.136732e-18 7.605727e-19
1.047135e+04 2.497384e-18 7.602286e-19
1.048235e+04 3.672984e-18 7.598827e-19
1.049335e+04 3.049396e-18 7.595350e-19
1.050435e+04 2.843211e-18 7.591853e-19
1.051535e+04 3.098367e-18 7.588337e-19
1.052635e+04 3.125625e-18 7.584799e-19
1.053735e+04 3.856412e-18 7.581239e-19
1.054835e+04 2.759207e-18 7.577658e-19
1.055935e+04 3.367927e-18 7.574053e-19
1.057035e+04 4.565267e-18 7.570425e-19
1.058135e+04 3.274070e-18 7.566773e-19
1.059235e+04 3.320517e-18 7.563095e-19
1.060335e+04 2.719626e-18 7.559392e-19
1.061435e+04 4.152642e-18 7.555663e-19
1.062535e+04 2.175861e-18 7.551907e-19
1.063635e+04 3.241944e-18 7.548124e-19
1.064735e+04 3.750585e-18 7.544313e-19
1.065835e+04 3.751039e-18 7.540474e-19
1.066935e+04 2.683902e-18 7.536605e-19
1.068035e+04 2.857174e-18 7.532707e-19
1.069135e+04 1.948839e-18 7.528779e-19
1.070235e+04 4.661141e-18 7.524820e-19
1.071335e+04 2.740008e-18 7.520831e-19
1.072435e+04 3.100446e-18 7.516810e-19
1.073535e+04 1.580197e-18 7.512757e-19
1.074635e+04 2.203673e-18 7.508672e-19
1.075735e+04 2.641913e-18 7.504555e-19
1.076835e+04 3.909656e-18 7.500404e-19
1.077935e+04 3.442815e-18 7.496220e-19
1.079035e+04 4.070895e-18 7.492003e-19
1.080135e+04 3.339902e-18 7.487751e-19
1.081235e+04 3.005627e-18 7.483465e-19
1.082335e+04 2.393009e-18 7.479144e-19
1.083435e+04 2.858668e-18 7.474789e-19
1.084535e+04 3.535601e-18 7.470398e-19
1.085635e+04 3.275748e-18 7.465972e-19
1.086735e+04 1.708228e-18 7.461511e-19
1.087835e+04 2.666738e-18 7.457014e-19
1.088935e+04 2.519211e-18 7.452481e-19
1.090035e+04 3.218406e-18 7.447912e-19
1.091135e+04 2.041779e-18 7.443307e-19
1.092235e+04 2.614922e-18 7.438666e-19
1.093335e+04 2.025340e-18 7.433989e-19
1.094435e+04 2.712054e-18 7.429275e-19
1.095535e+04 3.350429e-18 7.424525e-19
1.096635e+04 2.830238e-18 7.419739e-19
1.097735e+04 2.604058e-18 7.414916e-19
1.098835e+04 1.639585e-18 7.410057e-19
1.099935e+04 2.627447e-18 7.405162e-19
1.101035e+04 3.280778e-18 7.400231e-19
1.102135e+04 2.016636e-18 7.395263e-19
1.103235e+04 8.004526e-19 7.390260e-19
1.104335e+04 2.659850e-18 7.385221e-19
1.105435e+04 3.786136e-18 7.380146e-19
1.106535e+04 4.340608e-18 7.375036e-19
1.107635e+04 3.467333e-18 7.369890e-19
1.108735e+04 2.375895e-18 7.364710e-19
1.109835e+04 3.306160e-18 7.359494e-19
1.110935e+04 2.290210e-18 7.354245e-19
1.112035e+04 4.137216e-18 7.348961e-19
1.113135e+04 3.313914e-18 7.343643e-19
1.114235e+04 4.188061e-18 7.338291e-19
1.115335e+04 4.711301e-18 7.332907e-19
1.116435e+04 2.670654e-18 7.327489e-19
1.117535e+04 2.657514e-18 7.322039e-19
1.118635e+04 2.199107e-18 7.316557e-19
1.119735e+04 2.922123e-18 7.311044e-19
1.120835e+04 1.646677e-18 7.305499e-19
1.121935e+04 2.760570e-18 7.299924e-19
1.123035e+04 2.415705e-18 7.294319e-19
1.124135e+04 2.976903e-18 7.288684e-19
1.125235e+04 1.942388e-18 7.283021e-19
1.126335e+04 4.523723e-18 7.277328e-19
1.127435e+04 2.086595e-18 7.271608e-19
1.128535e+04 2.306106e-18 7.265861e-19
1.129635e+04 2.600284e-18 7.260087e-19
1.130735e+04 2.339211e-18 7.254287e-19
1.131835e+04 3.613933e-18 7.248462e-19
1.132935e+04 3.367984e-18 7.242612e-19
1.134035e+04 2.086281e-18 7.236738e-19
1.135135e+04 3.267495e-18 7.230841e-19
1.136235e+04 2.923164e-18 7.224922e-19
1.137335e+04 2.798388e-18 7.218980e-19
1.138435e+04 2.879017e-18 7.213019e-19
1.139535e+04 3.151287e-18 7.207037e-19
1.140635e+04 2.531848e-18 7.201035e-19
1.141735e+04 1.913323e-18 7.195016e-19
1.142835e+04 3.137942e-18 7.188979e-19
1.143935e+04 5.057573e-18 7.182925e-19
1.145035e+04 3.935040e-18 7.176855e-19
1.146135e+04 2.467415e-18 7.170771e-19
1.147235e+04 2.628998e-18 7.164672e-19
1.148335e+04 2.690592e-18 7.158561e-19
1.149435e+04 2.506696e-18 7.152437e-19
1.150535e+04 1.294317e-18 7.146303e-19
1.151635e+04 2.464216e-18 7.140158e-19
1.152735e+04 3.097617e-18 7.134004e-19
1.153835e+04 2.661370e-18 7.127843e-19
1.154935e+04 2.779412e-18 7.121674e-19
1.156035e+04 1.287739e-18 7.115500e-19
1.157135e+04 2.748676e-18 7.109320e-19
1.158235e+04 3.330212e-18 7.103137e-19
1.159335e+04 2.228720e-18 7.096951e-19
1.160435e+04 1.023610e-18 7.090764e-19
1.161535e+04 5.366486e-18 7.084576e-19
1.162635e+04 2.349909e-18 7.078389e-19
1.163735e+04 3.236311e-18 7.072204e-19
1.164835e+04 2.119409e-18 7.066022e-19
1.165935e+04 2.041174e-18 7.059843e-19
1.167035e+04 2.269997e-18 7.053670e-19
1.168135e+04 2.823280e-18 7.047504e-19
1.169235e+04 1.830756e-18 7.041345e-19
1.170335e+04 3.132210e-18 7.035195e-19
1.171435e+04 3.607464e-18 7.029055e-19
1.172535e+04 3.725811e-18 7.022926e-19
1.173635e+04 3.226993e-18 7.016809e-19
1.174735e+04 2.257006e-18 7.010707e-19
1.175835e+04 2.265731e-18 7.004619e-19
1.176935e+04 3.832506e-18 6.998547e-19
1.178035e+04 2.659067e-18 6.992493e-19
1.179135e+04 2.715249e-18 6.986458e-19
1.180235e+04 1.352510e-18 6.980442e-19
1.181335e+04 1.771978e-18 6.974448e-19
1.182435e+04 4.090384e-18 6.968476e-19
1.183535e+04 1.444710e-18 6.962529e-19
1.184635e+04 3.632375e-18 6.956606e-19
1.185735e+04 2.262377e-18 6.950709e-19
1.186835e+04 2.865131e-18 6.944841e-19
1.187935e+04 2.425885e-18 6.939001e-19
1.189035e+04 3.504633e-18 6.933191e-19
1.190135e+04 4.144335e-18 6.927413e-19
1.191235e+04 1.612052e-18 6.921668e-19
1.192335e+04 3.620181e-18 6.915957e-19
1.193435e+04 2.808876e-18 6.910282e-19
1.194535e+04 2.293911e-18 6.904643e-19
1.195635e+04 2.802022e-18 6.899043e-19
1.196735e+04 1.920613e-18 6.893481e-19
1.197835e+04 3.557485e-18 6.887961e-19
1.198935e+04 1.763838e-18 6.882482e-19
1.200035e+04 3.279286e-18 6.877047e-19
1.201135e+04 3.439768e-18 6.871657e-19
1.202235e+04 2.565984e-18 6.866312e-19
1.203335e+04 3.199960e-18 6.861014e-19
1.204435e+04 2.776177e-18 6.855765e-19
1.205535e+04 2.447825e-18 6.850566e-19
1.206635e+04 3.293853e-18 6.845417e-19
1.207735e+04 2.709230e-18 6.840321e-19
1.208835e+04 3.759181e-18 6.835278e-19
1.209935e+04 2.963105e-18 6.830291e-19
1.211035e+04 2.177354e-18 6.825359e-19
1.212135e+04 3.980587e-18 6.820485e-19
1.213235e+04 2.641695e-18 6.815669e-19
1.214335e+04 3.141932e-18 6.810913e-19
1.215435e+04 2.780890e-18 6.806218e-19
1.216535e+04 2.810745e-18 6.801585e-19
1.217635e+04 3.059172e-18 6.797016e-19
1.218735e+04 2.735641e-18 6.792511e-19
1.219835e+04 2.284311e-18 6.788073e-19
1.220935e+04 1.819154e-18 6.783701e-19
1.222035e+04 2.441548e-18 6.779397e-19
1.223135e+04 4.174807e-18 6.775163e-19
1.224235e+04 2.229635e-18 6.770999e-19
1.225335e+04 2.652650e-18 6.766907e-19
1.226435e+04 1.251100e-18 6.762888e-19
1.227535e+04 2.885380e-18 6.758943e-19
1.228635e+04 2.851822e-18 6.755072e-19
1.229735e+04 3.966588e-18 6.751278e-19
1.230835e+04 1.769069e-18 6.747561e-19
1.231935e+04 2.951057e-18 6.743922e-19
1.233035e+04 3.735652e-18 6.740362e-19
1.234135e+04 2.701174e-18 6.736883e-19
1.235235e+04 2.603668e-18 6.733484e-19
1.236335e+04 2.117650e-18 6.730169e-19
1.237435e+04 3.861560e-18 6.726936e-19
1.238535e+04 5.791011e-18 6.723788e-19
1.239635e+04 4.757450e-18 6.720725e-19
1.240735e+04 5.560312e-18 6.717748e-19
1.241835e+04 3.686584e-18 6.714858e-19
1.242935e+04 2.279109e-18 6.712056e-19
1.244035e+04 1.655722e-18 6.709343e-19
1.245135e+04 7.694819e-19 6.706720e-19
1.246235e+04 1.633073e-18 6.704188e-19
1.247335e+04 2.281115e-18 6.701747e-19
1.248435e+04 2.516691e-18 6.699398e-19
1.249535e+04 4.059065e-18 6.697142e-19
1.250635e+04 2.384941e-18 6.694980e-19
1.251735e+04 2.574348e-18 6.692913e-19
1.252835e+04 3.704274e-18 6.690941e-19
1.253935e+04 2.455283e-18 6.689065e-19
1.255035e+04 2.677169e-18 6.687286e-19
1.256135e+04 3.509427e-18 6.685605e-19
1.257235e+04 9.233051e-19 6.684021e-19
1.258335e+04 3.079863e-18 6.682536e-19
1.259435e+04 2.031111e-18 6.681151e-19
1.260535e+04 2.058980e-18 6.679866e-19
1.261635e+04 2.918098e-18 6.678681e-19
1.262735e+04 3.534288e-18 6.677597e-19
1.263835e+04 4.660330e-18 6.676615e-19
1.264935e+04 5.452055e-18 6.675736e-19
1.266035e+04 3.610054e-18 6.674958e-19
1.267135e+04 3.565784e-18 6.674284e-19
1.268235e+04 2.024103e-18 6.673714e-19
1.269335e+04 4.475707e-18 6.673248e-19
1.270435e+04 3.142498e-18 6.672886e-19
1.271535e+04 3.134961e-18 6.672628e-19
1.272635e+04 2.930410e-18 6.672476e-19
1.273735e+04 2.535758e-18 6.672430e-19
1.274835e+04 4.725047e-18 6.672490e-19
1.275935e+04 9.446485e-18 6.672655e-19
1.277035e+04 1.177304e-17 6.672927e-19
1.278135e+04 8.866349e-18 6.673306e-19
1.279235e+04 5.058229e-18 6.673792e-19
1.280335e+04 4.330812e-18 6.674385e-19
1.281435e+04 2.290221e-18 6.675085e-19
1.282535e+04 3.828018e-18 6.675893e-19
1.283635e+04 2.257188e-18 6.676809e-19
1.284735e+04 1.958898e-18 6.677832e-19
1.285835e+04 3.373357e-18 6.678963e-19
1.286935e+04 2.001722e-18 6.680203e-19
1.288035e+04 2.374358e-18 6.681550e-19
1.289135e+04 2.695565e-18 6.683005e-19
1.290235e+04 2.019992e-18 6.684568e-19
1.291335e+04 2.039846e-18 6.686240e-19
1.292435e+04 1.681674e-18 6.688019e-19
1.293535e+04 3.139974e-18 6.689906e-19
1.294635e+04 3.381207e-18 6.691902e-19
1.295735e+04 2.419940e-18 6.694005e-19
1.296835e+04 2.112292e-18 6.696216e-19
1.297935e+04 2.045648e-18 6.698534e-19
1.299035e+04 7.006203e-19 6.700959e-19
1.300135e+04 2.560568e-18 6.703492e-19
1.301235e+04 2.638573e-18 6.706132e-19
1.302335e+04 2.362865e-18 6.708878e-19
1.303435e+04 2.391382e-18 6.711731e-19
1.304535e+04 2.456456e-18 6.714690e-19
1.305635e+04 2.763282e-18 6.717755e-19
1.306735e+04 1.894568e-18 6.720926e-19
1.307835e+04 1.701257e-18 6.724202e-19
1.308935e+04 2.688956e-18 6.727582e-19
1.310035e+04 2.252110e-18 6.731068e-19
1.311135e+04 1.549919e-18 6.734657e-19
1.312235e+04 1.659852e-18 6.738350e-19
1.313335e+04 1.823876e-18 6.742146e-19
1.314435e+04 1.534528e-18 6.746046e-19
1.315535e+04 2.708255e-18 6.750047e-19
1.316635e+04 3.156997e-18 6.754150e-19
1.317735e+04 2.120932e-18 6.758355e-19
1.318835e+04 2.133510e-18 6.762661e-19
1.319935e+04 2.011539e-18 6.767066e-19
1.321035e+04 2.644990e-18 6.771572e-19
1.322135e+04 2.570303e-18 6.776176e-19
1.323235e+04 2.788673e-18 6.780879e-19
1.324335e+04 9.756586e-19 6.785680e-19
1.325435e+04 2.209066e-18 6.790577e-19
1.326535e+04 4.090389e-18 6.795572e-19
1.327635e+04 4.344230e-18 6.800662e-19
1.328735e+04 1.947155e-18 6.805848e-19
1.329835e+04 9.337369e-19 6.811128e-19
1.330935e+04 2.148546e-18 6.816501e-19
1.332035e+04 3.405973e-18 6.821968e-19
1.333135e+04 1.423254e-18 6.827527e-19
1.334235e+04 2.164184e-18 6.833177e-19
1.335335e+04 2.535959e-18 6.838918e-19
1.336435e+04 1.714720e-18 6.844749e-19
1.337535e+04 1.830179e-18 6.850669e-19
1.338635e+04 1.937430e-18 6.856678e-19
1.339735e+04 1.129634e-18 6.862773e-19
1.340835e+04 3.638158e-19 6.868956e-19
1.341935e+04 9.859776e-19 6.875223e-19
1.343035e+04 1.788181e-18 6.881576e-19
1.344135e+04 2.728090e-18 6.888013e-19
1.345235e+04 1.678697e-18 6.894532e-19
1.346335e+04 1.939732e-18 6.901134e-19
1.347435e+04 2.266165e-18 6.907816e-19
1.348535e+04 1.974739e-18 6.914579e-19
1.349635e+04 2.038427e-18 6.921421e-19
1.350735e+04 1.611060e-18 6.928342e-19
1.351835e+04 2.711474e-18 6.935339e-19
1.352935e+04 2.611333e-18 6.942413e-19
1.354035e+04 2.587589e-18 6.949562e-19
1.355135e+04 2.298514e-18 6.956786e-19
1.356235e+04 1.865352e-18 6.964082e-19
1.357335e+04 1.723087e-18 6.971451e-19
1.358435e+04 2.307035e-18 6.978892e-19
1.359535e+04 2.402147e-18 6.986402e-19
1.360635e+04 2.460002e-18 6.993981e-19
1.361735e+04 2.641163e-18 7.001629e-19
1.362835e+04 2.144035e-18 7.009343e-19
1.363935e+04 1.469365e-18 7.017124e-19
1.365035e+04 4.192046e-18 7.024969e-19
1.366135e+04 1.808586e-18 7.032878e-19
1.367235e+04 3.396933e-18 7.040850e-19
1.368335e+04 3.470803e-18 7.048884e-19
1.369435e+04 1.056928e-18 7.056977e-19
1.370535e+04 2.498332e-18 7.065131e-19
1.371635e+04 1.557735e-18 7.073343e-19
1.372735e+04 3.598232e-18 7.081611e-19
1.373835e+04 2.771483e-18 7.089936e-19
1.374935e+04 3.054716e-18 7.098316e-19
1.376035e+04 2.673549e-18 7.106750e-19
1.377135e+04 2.172963e-18 7.115237e-19
1.378235e+04 3.404270e-18 7.123775e-19
1.379335e+04 2.488693e-18 7.132364e-19
1.380435e+04 1.817265e-18 7.141002e-19
1.381535e+04 2.554836e-18 7.149688e-19
1.382635e+04 1.573327e-18 7.158422e-19
1.383735e+04 1.601366e-18 7.167201e-19
1.384835e+04 2.485173e-18 7.176026e-19
1.385935e+04 2.432897e-18 7.184894e-19
1.387035e+04 1.069982e-18 7.193805e-19
1.388135e+04 1.806858e-18 7.202757e-19
1.389235e+04 2.474488e-18 7.211749e-19
1.390335e+04 2.328938e-18 7.220781e-19
1.391435e+04 3.209559e-18 7.229851e-19
1.392535e+04 2.267996e-18 7.238958e-19
1.393635e+04 1.355980e-18 7.248101e-19
1.394735e+04 3.305728e-18 7.257278e-19
1.395835e+04 2.580051e-18 7.266490e-19
1.396935e+04 2.042300e-18 7.275733e-19
1.398035e+04 2.188612e-18 7.285009e-19
1.399135e+04 1.650839e-18 7.294314e-19
1.400235e+04 1.651934e-18 7.303649e-19
1.401335e+04 1.537662e-18 7.313012e-19
1.402435e+04 2.113691e-18 7.322402e-19
1.403535e+04 1.900135e-18 7.331817e-19
1.404635e+04 2.251749e-18 7.341258e-19
1.405735e+04 3.667248e-18 7.350722e-19
1.406835e+04 1.611208e-18 7.360209e-19
1.407935e+04 2.383227e-18 7.369718e-19
1.409035e+04 2.769533e-18 7.379247e-19
1.410135e+04 2.754432e-20 7.388796e-19
1.411235e+04 2.987942e-18 7.398363e-19
1.412335e+04 4.407866e-19 7.407947e-19
1.413435e+04 1.784019e-18 7.417548e-19
1.414535e+04 1.181513e-18 7.427164e-19
1.415635e+04 2.891779e-18 7.436795e-19
1.416735e+04 2.066847e-18 7.446439e-19
1.417835e+04 1.281192e-18 7.456095e-19
1.418935e+04 9.174064e-19 7.465762e-19
1.420035e+04 2.157062e-18 7.475440e-19
1.421135e+04 1.784059e-18 7.485127e-19
1.422235e+04 2.409149e-18 7.494822e-19
1.423335e+04 1.845339e-18 7.504525e-19
1.424435e+04 3.083412e-18 7.514234e-19
1.425535e+04 1.970405e-18 7.523949e-19
1.426635e+04 1.710646e-18 7.533668e-19
1.427735e+04 1.144420e-18 7.543391e-19
1.428835e+04 4.219528e-19 7.553117e-19
1.429935e+04 2.235637e-18 7.562844e-19
1.431035e+04 2.945622e-18 7.572572e-19
1.432135e+04 3.133753e-19 7.582301e-19
1.433235e+04 2.770851e-18 7.592028e-19
1.434335e+04 1.481549e-18 7.601754e-19
1.435435e+04 1.957365e-18 7.611477e-19
1.436535e+04 1.990209e-18 7.621196e-19
1.437635e+04 1.433407e-18 7.630911e-19
1.438735e+04 1.145835e-18 7.640621e-19
1.439835e+04 2.886243e-18 7.650325e-19
1.440935e+04 1.271649e-18 7.660023e-19
1.442035e+04 2.254246e-18 7.669712e-19
1.443135e+04 2.572168e-18 7.679393e-19
1.444235e+04 2.686931e-18 7.689065e-19
1.445335e+04 1.773961e-18 7.698727e-19
1.446435e+04 1.643756e-18 7.708379e-19
1.447535e+04 2.266629e-18 7.718019e-19
1.448635e+04 2.722410e-18 7.727646e-19
1.449735e+04 3.645441e-18 7.737261e-19
1.450835e+04 2.735273e-18 7.746862e-19
1.451935e+04 1.333231e-18 7.756448e-19
1.453035e+04 2.785787e-18 7.766019e-19
1.454135e+04 1.338028e-18 7.775575e-19
1.455235e+04 2.236155e-18 7.785114e-19
1.456335e+04 1.291923e-18 7.794635e-19
1.457435e+04 5.866942e-19 7.804139e-19
1.458535e+04 9.149492e-19 7.813625e-19
1.459635e+04 1.774318e-18 7.823091e-19
1.460735e+04 2.134600e-18 7.832538e-19
1.461835e+04 1.785803e-18 7.841965e-19
1.462935e+04 2.305525e-18 7.851370e-19
1.464035e+04 7.712572e-19 7.860754e-19
1.465135e+04 2.177677e-18 7.870116e-19
1.466235e+04 1.283086e-18 7.879455e-19
1.467335e+04 1.732231e-18 7.888772e-19
1.468435e+04 1.528398e-18 7.898064e-19
1.469535e+04 1.289451e-18 7.907332e-19
1.470635e+04 3.169761e-18 7.916575e-19
1.471735e+04 1.979976e-18 7.925793e-19
1.472835e+04 1.288849e-18 7.934985e-19
1.473935e+04 2.099089e-18 7.944151e-19
1.475035e+04 2.408922e-18 7.953290e-19
1.476135e+04 1.156153e-18 7.962402e-19
1.477235e+04 2.857867e-18 7.971486e-19
1.478335e+04 3.340169e-18 7.980542e-19
1.479435e+04 1.946311e-18 7.989570e-19
1.480535e+04 2.644464e-18 7.998568e-19
1.481635e+04 1.681758e-18 8.007537e-19
1.482735e+04 1.711315e-18 8.016476e-19
1.483835e+04 3.354790e-18 8.025385e-19
1.484935e+04 1.454572e-18 8.034263e-19
1.486035e+04 2.550873e-18 8.043111e-19
1.487135e+04 4.138434e-18 8.051927e-19
1.488235e+04 1.170033e-18 8.060711e-19
1.489335e+04 2.795458e-18 8.069463e-19
1.490435e+04 1.839389e-18 8.078183e-19
1.491535e+04 1.998917e-18 8.086870e-19
1.492635e+04 2.001607e-18 8.095523e-19
1.493735e+04 1.536517e-18 8.104144e-19
1.494835e+04 1.701171e-18 8.112731e-19
1.495935e+04 4.352688e-19 8.121284e-19
1.497035e+04 2.915686e-18 8.129803e-19
1.498135e+04 1.499262e-18 8.138287e-19
1.499235e+04 7.804299e-19 8.146736e-19
1.500335e+04 1.543519e-18 8.155151e-19
1.501435e+04 2.059460e-18 8.163530e-19
1.502535e+04 1.608577e-18 8.171873e-19
1.503635e+04 1.407980e-18 8.180181e-19
1.504735e+04 1.357202e-18 8.188453e-19
1.505835e+04 5.962895e-19 8.196689e-19
1.506935e+04 2.464146e-18 8.204888e-19
1.508035e+04 6.358421e-20 8.213051e-19
1.509135e+04 2.380725e-18 8.221177e-19
1.510235e+04 1.115115e-18 8.229266e-19
1.511335e+04 1.133343e-18 8.237318e-19
1.512435e+04 -3.147959e-19 8.245333e-19
1.513535e+04 2.261632e-18 8.253310e-19
1.514635e+04 2.952369e-18 8.261250e-19
1.515735e+04 1.834148e-18 8.269152e-19
1.516835e+04 9.200209e-19 8.277016e-19
1.517935e+04 2.016923e-18 8.284843e-19
1.519035e+04 8.749632e-19 8.292631e-19
1.520135e+04 2.329678e-18 8.300381e-19
1.521235e+04 1.734529e-18 8.308093e-19
1.522335e+04 3.111134e-18 8.315767e-19
1.523435e+04 2.463608e-18 8.323402e-19
1.524535e+04 1.711375e-18 8.330999e-19
1.525635e+04 1.183343e-18 8.338558e-19
1.526735e+04 1.358663e-18 8.346078e-19
1.527835e+04 1.561340e-18 8.353559e-19
1.528935e+04 2.113654e-18 8.361001e-19
1.530035e+04 1.809504e-18 8.368405e-19
1.531135e+04 9.708708e-19 8.375770e-19
1.532235e+04 1.510905e-18 8.383096e-19
1.533335e+04 5.649324e-19 8.390383e-19
1.534435e+04 2.188003e-18 8.397631e-19
1.535535e+04 2.541923e-18 8.404841e-19
1.536635e+04 1.252625e-18 8.412011e-19
1.537735e+04 1.709435e-18 8.419142e-19
1.538835e+04 1.906714e-19 8.426235e-19
1.539935e+04 5.729643e-19 8.433289e-19
1.541035e+04 2.008671e-18 8.440303e-19
1.542135e+04 2.475744e-18 8.447279e-19
1.543235e+04 2.246463e-18 8.454216e-19
1.544335e+04 1.564847e-18 8.461113e-19
1.545435e+04 8.784706e-19 8.467973e-19
1.546535e+04 1.925852e-19 8.474793e-19
1.547635e+04 1.280772e-18 8.481574e-19
1.548735e+04 2.492151e-18 8.488317e-19
1.549835e+04 1.689626e-18 8.495021e-19
1.550935e+04 1.057077e-18 8.501686e-19
1.552035e+04 9.175673e-19 8.508313e-19
1.553135e+04 2.512500e-18 8.514902e-19
1.554235e+04 1.584741e-18 8.521451e-19
1.555335e+04 2.232654e-18 8.527963e-19
1.556435e+04 1.594688e-18 8.534436e-19
1.557535e+04 2.247978e-19 8.540871e-19
1.558635e+04 2.378925e-18 8.547267e-19
1.559735e+04 1.369409e-18 8.553626e-19
1.560835e+04 7.434394e-19 8.559946e-19
1.561935e+04 1.734511e-18 8.566229e-19
1.563035e+04 2.108563e-18 8.572474e-19
1.564135e+04 4.123431e-18 8.578681e-19
1.565235e+04 1.812198e-18 8.584850e-19
1.566335e+04 -1.852786e-19 8.590982e-19
1.567435e+04 1.285547e-18 8.597076e-19
1.568535e+04 1.430338e-18 8.603133e-19
1.569635e+04 6.422668e-19 8.609153e-19
1.570735e+04 2.674104e-18 8.615136e-19
1.571835e+04 6.620564e-19 8.621081e-19
1.572935e+04 2.613002e-18 8.626990e-19
1.574035e+04 2.651981e-19 8.632862e-19
1.575135e+04 2.224229e-18 8.638698e-19
1.576235e+04 1.012147e-18 8.644497e-19
1.577335e+04 1.399280e-18 8.650260e-19
1.578435e+04 1.964274e-18 8.655986e-19
1.579535e+04 1.612718e-18 8.661676e-19
1.580635e+04 2.074442e-18 8.667331e-19
1.581735e+04 3.433333e-18 8.672949e-19
1.582835e+04 2.846978e-18 8.678532e-19
1.583935e+04 1.978750e-18 8.684080e-19
1.585035e+04 3.111494e-18 8.689592e-19
1.586135e+04 2.084607e-18 8.695069e-19
1.587235e+04 1.124146e-18 8.700510e-19
1.588335e+04 1.152315e-18 8.705917e-19
1.589435e+04 1.477508e-18 8.711289e-19
1.590535e+04 2.579107e-18 8.716627e-19
1.591635e+04 2.177637e-18 8.721930e-19
1.592735e+04 2.343605e-18 8.727199e-19
1.593835e+04 1.009964e-18 8.732434e-19
1.594935e+04 1.922080e-18 8.737634e-19
1.596035e+04 3.397370e-18 8.742801e-19
1.597135e+04 1.194984e-18 8.747935e-19
1.598235e+04 2.239779e-18 8.753035e-19
1.599335e+04 2.221218e-18 8.758102e-19
1.600435e+04 1.240758e-18 8.763135e-19
1.601535e+04 2.381513e-18 8.768136e-19
1.602635e+04 1.451924e-18 8.773104e-19
1.603735e+04 1.981443e-18 8.778040e-19
1.604835e+04 6.602159e-19 8.782943e-19
1.605935e+04 1.855625e-18 8.787814e-19
1.607035e+04 3.043800e-18 8.792653e-19
1.608135e+04 1.212052e-18 8.797460e-19
1.609235e+04 1.403029e-18 8.802236e-19
1.610335e+04 1.997091e-18 8.806980e-19
1.611435e+04 2.779487e-19 8.811693e-19
1.612535e+04 7.454615e-19 8.816375e-19
1.613635e+04 2.559563e-20 8.821026e-19
1.614735e+04 1.688152e-18 8.825646e-19
1.615835e+04 9.082360e-19 8.830236e-19
1.616935e+04 1.855950e-18 8.834795e-19
1.618035e+04 1.815535e-18 8.839325e-19
1.619135e+04 2.868592e-18 8.843824e-19
1.620235e+04 1.598348e-18 8.848294e-19
1.621335e+04 1.652879e-18 8.852735e-19
1.622435e+04 2.382469e-18 8.857146e-19
1.623535e+04 1.530207e-18 8.861527e-19
1.624635e+04 3.588471e-18 8.865880e-19
1.625735e+04 3.504517e-18 8.870205e-19
1.626835e+04 2.271025e-18 8.874500e-19
1.627935e+04 2.476336e-18 8.878767e-19
1.629035e+04 5.641369e-19 8.883006e-19
1.630135e+04 2.276487e-18 8.887216e-19
1.631235e+04 6.909326e-19 8.891399e-19
1.632335e+04 1.944395e-18 8.895554e-19
1.633435e+04 2.041339e-19 8.899682e-19
1.634535e+04 1.064644e-18 8.903782e-19
1.635635e+04 -5.134425e-19 8.907855e-19
1.636735e+04 1.478218e-18 8.911902e-19
1.637835e+04 1.178751e-18 8.915921e-19
1.638935e+04 2.033713e-18 8.919914e-19
1.640035e+04 1.081668e-18 8.923881e-19
1.641135e+04 1.537315e-20 8.927821e-19
1.642235e+04 1.918454e-18 8.931736e-19
1.643335e+04 2.668698e-18 8.935625e-19
1.644435e+04 1.756023e-18 8.939488e-19
1.645535e+04 2.365887e-18 8.943326e-19
1.646635e+04 1.539893e-18 8.947138e-19
1.647735e+04 2.373563e-18 8.950926e-19
1.648835e+04 1.281009e-18 8.954688e-19
1.649935e+04 9.149248e-19 8.958426e-19
1.651035e+04 2.636244e-18 8.962140e-19
1.652135e+04 1.621975e-18 8.965829e-19
1.653235e+04 1.887553e-18 8.969494e-19
1.654335e+04 2.454887e-18 8.973135e-19
1.655435e+04 -1.945704e-19 8.976752e-19
1.656535e+04 8.694628e-19 8.980346e-19
1.657635e+04 2.271278e-18 8.983916e-19
1.658735e+04 1.486237e-18 8.987463e-19
1.659835e+04 1.718671e-18 8.990987e-19
1.660935e+04 2.896893e-18 8.994488e-19
1.662035e+04 2.126533e-18 8.997967e-19
1.663135e+04 1.309874e-18 9.001422e-19
1.664235e+04 1.370313e-18 9.004856e-19
1.665335e+04 1.024308e-18 9.008267e-19
1.666435e+04 3.237780e-19 9.011656e-19
1.667535e+04 1.996445e-18 9.015023e-19
1.668635e+04 1.862997e-18 9.018368e-19
1.669735e+04 2.630412e-18 9.021692e-19
1.670835e+04 2.943119e-18 9.024994e-19
1.671935e+04 7.487092e-18 9.028275e-19
1.673035e+04 1.385010e-17 9.031535e-19
1.674135e+04 1.327737e-17 9.034773e-19
1.675235e+04 9.910020e-18 9.037991e-19
1.676335e+04 3.931345e-18 9.041188e-19
1.677435e+04 2.777988e-18 9.044365e-19
1.678535e+04 1.525490e-18 9.047520e-19
1.679635e+04 1.632266e-18 9.050656e-19
1.680735e+04 2.647238e-18 9.053772e-19
1.681835e+04 1.429691e-18 9.056867e-19
1.682935e+04 9.393633e-19 9.059942e-19
1.684035e+04 2.434036e-18 9.062998e-19
1.685135e+04 2.002496e-18 9.066034e-19
1.686235e+04 5.602021e-19 9.069050e-19
1.687335e+04 1.866240e-18 9.072047e-19
1.688435e+04 1.654382e-18 9.075025e-19
1.689535e+04 1.230918e-18 9.077983e-19
1.690635e+04 3.576304e-19 9.080922e-19
1.691735e+04 6.105802e-19 9.083842e-19
1.692835e+04 1.476325e-18 9.086743e-19
1.693935e+04 1.444806e-18 9.089625e-19
1.695035e+04 1.654579e-18 9.092489e-19
1.696135e+04 1.185506e-18 9.095333e-19
1.697235e+04 2.410389e-18 9.098159e-19
1.698335e+04 7.766739e-19 9.100967e-19
1.699435e+04 2.138007e-18 9.103756e-19
1.700535e+04 6.878300e-19 9.106527e-19
1.701635e+04 1.031590e-18 9.109280e-19
1.702735e+04 2.830729e-18 9.112015e-19
1.703835e+04 1.470369e-18 9.114731e-19
1.704935e+04 1.102706e-18 9.117430e-19
1.706035e+04 1.921783e-18 9.120110e-19
1.707135e+04 1.538614e-18 9.122773e-19
1.708235e+04 1.384103e-18 9.125418e-19
1.709335e+04 8.288393e-19 9.128045e-19
1.710435e+04 6.429152e-19 9.130654e-19
1.711535e+04 1.947202e-18 9.133246e-19
1.712635e+04 4.008019e-18 9.135820e-19
1.713735e+04 4.177868e-18 9.138376e-19
1.714835e+04 1.558990e-18 9.140915e-19
1.715935e+04 3.702695e-18 9.143437e-19
1.717035e+04 1.142484e-18 9.145941e-19
1.718135e+04 2.026564e-18 9.148428e-19
1.719235e+04 3.814417e-18 9.150897e-19
1.720335e+04 9.685335e-19 9.153349e-19
1.721435e+04 1.791939e-18 9.155784e-19
1.722535e+04 2.458008e-19 9.158202e-19
1.723635e+04 5.728742e-20 9.160602e-19
1.724735e+04 6.892756e-19 9.162985e-19
1.725835e+04 1.734424e-18 9.165351e-19
1.726935e+04 1.629510e-18 9.167700e-19
1.728035e+04 1.078493e-18 9.170031e-19
1.729135e+04 -2.161066e-19 9.172346e-19
1.730235e+04 4.462392e-19 9.174643e-19
1.731335e+04 1.988047e-18 9.176923e-19
1.732435e+04 -1.294703e-19 9.179186e-19
1.733535e+04 9.418294e-19 9.181432e-19
1.734635e+04 2.147038e-18 9.183662e-19
1.735735e+04 2.007703e-18 9.185874e-19
1.736835e+04 1.446548e-18 9.188069e-19
1.737935e+04 1.848444e-18 9.190247e-19
1.739035e+04 1.464368e-18 9.192409e-19
1.740135e+04 3.948707e-19 9.194553e-19
1.741235e+04 1.389034e-18 9.196680e-19
1.742335e+04 3.648612e-19 9.198791e-19
1.743435e+04 2.112486e-18 9.200884e-19
1.744535e+04 2.944135e-18 9.202961e-19
1.745635e+04 -2.008050e-20 9.205020e-19
1.746735e+04 1.549648e-18 9.207063e-19
1.747835e+04 5.748362e-19 9.209089e-19
1.748935e+04 1.416268e-18 9.211097e-19
1.750035e+04 1.762250e-18 9.213089e-19
1.751135e+04 -7.282604e-19 9.215064e-19
1.752235e+04 1.503336e-18 9.217021e-19
1.753335e+04 3.217536e-18 9.218962e-19
1.754435e+04 2.666947e-18 9.220886e-19
1.755535e+04 1.598783e-18 9.222793e-19
1.756635e+04 1.368516e-18 9.224682e-19
1.757735e+04 2.012933e-18 9.226555e-19
1.758835e+04 1.751072e-18 9.228411e-19
1.759935e+04 2.278410e-18 9.230250e-19
1.761035e+04 1.362447e-18 9.232071e-19
1.762135e+04 1.891801e-18 9.233876e-19
1.763235e+04 1.138830e-18 9.235664e-19
1.764335e+04 2.844693e-18 9.237434e-19
1.765435e+04 8.012724e-19 9.239188e-19
1.766535e+04 2.697986e-18 9.240925e-19
1.767635e+04 1.282161e-18 9.242644e-19
1.768735e+04 1.454146e-18 9.244347e-19
1.769835e+04 5.763144e-19 9.246033e-19
1.770935e+04 9.740421e-19 9.247701e-19
1.772035e+04 1.508055e-18 9.249353e-19
1.773135e+04 2.292783e-18 9.250988e-19
1.774235e+04 9.128486e-19 9.252606e-19
1.775335e+04 1.680295e-18 9.254207e-19
1.776435e+04 1.049140e-18 9.255792e-19
1.777535e+04 1.093593e-18 9.257359e-19
1.778635e+04 3.017601e-18 9.258910e-19
1.779735e+04 5.559611e-19 9.260444e-19
1.780835e+04 1.275068e-18 9.261961e-19
1.781935e+04 1.470001e-18 9.263462e-19
1.783035e+04 7.441721e-19 9.264946e-19
1.784135e+04 1.489018e-18 9.266414e-19
1.785235e+04 1.954727e-18 9.267865e-19
1.786335e+04 2.684397e-18 9.269299e-19
1.787435e+04 2.836258e-18 9.270718e-19
1.788535e+04 -1.376019e-18 9.272120e-19
1.789635e+04 1.537711e-18 9.273505e-19
1.790735e+04 1.345509e-18 9.274875e-19
1.791835e+04 1.622055e-18 9.276228e-19
1.792935e+04 2.232891e-18 9.277566e-19
1.794035e+04 2.468184e-18 9.278887e-19
1.795135e+04 8.532844e-19 9.280193e-19
1.796235e+04 2.242540e-18 9.281483e-19
1.797335e+04 1.398254e-18 9.282757e-19
1.798435e+04 6.373284e-19 9.284016e-19
1.799535e+04 2.060677e-18 9.285259e-19
1.800635e+04 1.005306e-18 9.286487e-19
1.801735e+04 1.630154e-18 9.287700e-19
1.802835e+04 4.592008e-19 9.288898e-19
1.803935e+04 1.799924e-18 9.290081e-19
1.805035e+04 6.638684e-20 9.291249e-19
1.806135e+04 1.310390e-18 9.292402e-19
1.807235e+04 2.097081e-18 9.293541e-19
1.808335e+04 8.325339e-19 9.294665e-19
1.809435e+04 1.952907e-18 9.295775e-19
1.810535e+04 1.560295e-18 9.296871e-19
1.811635e+04 2.629314e-18 9.297953e-19
1.812735e+04 2.018547e-18 9.299021e-19
1.813835e+04 2.150341e-18 9.300076e-19
1.814935e+04 2.223747e-18 9.301117e-19
1.816035e+04 2.547219e-19 9.302145e-19
1.817135e+04 1.541190e-18 9.303160e-19
1.818235e+04 6.036620e-19 9.304162e-19
1.819335e+04 1.544965e-18 9.305152e-19
1.820435e+04 1.825302e-18 9.306129e-19
1.821535e+04 2.383091e-18 9.307094e-19
1.822635e+04 3.011362e-18 9.308047e-19
1.823735e+04 3.564876e-19 9.308989e-19
1.824835e+04 1.567204e-18 9.309918e-19
1.825935e+04 1.883831e-18 9.310837e-19
1.827035e+04 -9.142478e-19 9.311744e-19
1.828135e+04 -3.276575e-19 9.312641e-19
1.829235e+04 1.343907e-18 9.313527e-19
1.830335e+04 2.359783e-18 9.314403e-19
1.831435e+04 2.363678e-18 9.315269e-19
1.832535e+04 1.081165e-18 9.316126e-19
1.833635e+04 3.676864e-19 9.316973e-19
1.834735e+04 2.343583e-19 9.317810e-19
1.835835e+04 4.592025e-19 9.318639e-19
1.836935e+04 2.035639e-18 9.319459e-19
1.838035e+04 5.581394e-19 9.320271e-19
1.839135e+04 -1.113490e-19 9.321075e-19
1.840235e+04 2.106990e-18 9.321871e-19
1.841335e+04 8.637962e-20 9.322660e-19
1.842435e+04 1.113582e-18 9.323442e-19
1.843535e+04 9.615295e-19 9.324217e-19
1.844635e+04 1.198073e-18 9.324985e-19
1.845735e+04 1.027086e-18 9.325747e-19
1.846835e+04 1.434873e-18 9.326504e-19
1.847935e+04 1.144098e-18 9.327255e-19
1.849035e+04 1.769693e-18 9.328001e-19
1.850135e+04 -3.344155e-19 9.328742e-19
1.851235e+04 2.874388e-19 9.329479e-19
1.852335e+04 2.156758e-18 9.330211e-19
1.853435e+04 2.525101e-18 9.330940e-19
1.854535e+04 1.127191e-18 9.331666e-19
1.855635e+04 7.808873e-19 9.332388e-19
1.856735e+04 2.045033e-18 9.333107e-19
1.857835e+04 1.203706e-18 9.333825e-19
1.858935e+04 1.928233e-18 9.334540e-19
1.860035e+04 2.020387e-18 9.335253e-19
1.861135e+04 2.137735e-18 9.335966e-19
1.862235e+04 1.609390e-18 9.336677e-19
1.863335e+04 2.564290e-19 9.337387e-19
1.864435e+04 1.837013e-18 9.338098e-19
1.865535e+04 9.199603e-19 9.338809e-19
1.866635e+04 1.963358e-18 9.339520e-19
1.867735e+04 2.547684e-18 9.340232e-19
1.868835e+04 2.465464e-20 9.340945e-19
1.869935e+04 3.140246e-18 9.341659e-19
1.871035e+04 1.464576e-18 9.342376e-19
1.872135e+04 -3.213074e-19 9.343095e-19
1.873235e+04 -1.869250e-18 9.343817e-19
1.874335e+04 1.059822e-18 9.344541e-19
1.875435e+04 8.715977e-19 9.345269e-19
1.876535e+04 2.365670e-18 9.346001e-19
1.877635e+04 7.494240e-19 9.346737e-19
1.878735e+04 2.093337e-18 9.347477e-19
1.879835e+04 1.581920e-18 9.348222e-19
1.880935e+04 1.594699e-18 9.348972e-19
1.882035e+04 2.095560e-18 9.349727e-19
1.883135e+04 9.887464e-19 9.350489e-19
1.884235e+04 2.205379e-19 9.351256e-19
1.885335e+04 2.054113e-19 9.352030e-19
1.886435e+04 4.662065e-19 9.352810e-19
1.887535e+04 1.245558e-18 9.353598e-19
1.888635e+04 2.336796e-18 9.354393e-19
1.889735e+04 2.037101e-18 9.355195e-19
1.890835e+04 1.976653e-18 9.356006e-19
1.891935e+04 1.475974e-18 9.356825e-19
1.893035e+04 1.974852e-18 9.357652e-19
1.894135e+04 3.415936e-18 9.358489e-19
1.895235e+04 1.714333e-18 9.359334e-19
1.896335e+04 2.312040e-18 9.360189e-19
1.897435e+04 2.664705e-18 9.361053e-19
1.898535e+04 4.903508e-20 9.361928e-19
1.899635e+04 2.198307e-18 9.362812e-19
1.900735e+04 4.025568e-19 9.363707e-19
1.901835e+04 9.814034e-19 9.364613e-19
1.902935e+04 4.134582e-19 9.365530e-19
1.904035e+04 6.556857e-19 9.366457e-19
1.905135e+04 -8.638229e-19 9.367397e-19
1.906235e+04 -2.698426e-19 9.368347e-19
1.907335e+04 1.583766e-18 9.369310e-19
1.908435e+04 2.498522e-18 9.370284e-19
1.909535e+04 2.143511e-18 9.371270e-19
1.910635e+04 2.517545e-18 9.372269e-19
1.911735e+04 1.729138e-18 9.373280e-19
1.912835e+04 1.584758e-18 9.374303e-19
1.913935e+04 2.698560e-18 9.375339e-19
1.915035e+04 7.228943e-19 9.376388e-19
1.916135e+04 2.277925e-18 9.377450e-19
1.917235e+04 3.292891e-19 9.378525e-19
1.918335e+04 9.448719e-20 9.379613e-19
1.919435e+04 1.569977e-18 9.380714e-19
1.920535e+04 3.419936e-19 9.381828e-19
1.921635e+04 2.197624e-18 9.382956e-19
1.922735e+04 4.979448e-19 9.384097e-19
1.923835e+04 9.624867e-19 9.385251e-19
1.924935e+04 1.165074e-18 9.386419e-19
1.926035e+04 1.340715e-18 9.387600e-19
1.927135e+04 -2.678512e-19 9.388795e-19
1.928235e+04 1.834067e-18 9.390003e-19
1.929335e+04 2.766841e-18 9.391224e-19
