# wavelength (A)  f_lam (erg/s/cm2/A) fe_lam (erg/s/cm2/A)
1.000741e+04 -3.277887e-19 9.385499e-19
1.001841e+04 1.434625e-18 9.375383e-19
1.002941e+04 1.572905e-18 9.365282e-19
1.004041e+04 6.103823e-19 9.355198e-19
1.005141e+04 1.017029e-18 9.345130e-19
1.006241e+04 1.665427e-18 9.335078e-19
1.007341e+04 5.134829e-19 9.325042e-19
1.008441e+04 1.907880e-18 9.315023e-19
1.009541e+04 -7.659420e-19 9.305021e-19
1.010641e+04 -5.526254e-19 9.295035e-19
1.011741e+04 4.426095e-19 9.285067e-19
1.012841e+04 -1.220014e-19 9.275115e-19
1.013941e+04 9.172887e-19 9.265181e-19
1.015041e+04 1.142539e-18 9.255264e-19
1.016141e+04 5.061770e-19 9.245365e-19
1.017241e+04 -2.518314e-19 9.235483e-19
1.018341e+04 2.491289e-18 9.225618e-19
1.019441e+04 -9.233366e-19 9.215771e-19
1.020541e+04 1.984938e-18 9.205942e-19
1.021641e+04 6.035558e-19 9.196130e-19
1.022741e+04 2.374321e-20 9.186336e-19
1.023841e+04 3.132522e-20 9.176560e-19
1.024941e+04 7.111659e-19 9.166802e-19
1.026041e+04 1.507659e-18 9.157062e-19
1.027141e+04 4.558481e-19 9.147340e-19
1.028241e+04 -7.965890e-19 9.137636e-19
1.029341e+04 2.445307e-18 9.127949e-19
1.030441e+04 -8.120564e-19 9.118281e-19
1.031541e+04 2.357266e-18 9.108631e-19
1.032641e+04 3.575324e-19 9.098999e-19
1.033741e+04 1.063076e-18 9.089385e-19
1.034841e+04 -1.271542e-18 9.079789e-19
1.035941e+04 4.293179e-19 9.070212e-19
1.037041e+04 1.211604e-18 9.060652e-19
1.038141e+04 7.772868e-20 9.051111e-19
1.039241e+04 8.656198e-19 9.041588e-19
1.040341e+04 9.979829e-19 9.032083e-19
1.041441e+04 1.920230e-19 9.022597e-19
1.042541e+04 2.062772e-19 9.013128e-19
1.043641e+04 8.078320e-20 9.003678e-19
1.044741e+04 1.072280e-18 8.994247e-19
1.045841e+04 -5.174314e-19 8.984833e-19
1.046941e+04 8.586244e-19 8.975438e-19
1.048041e+04 1.104870e-18 8.966062e-19
1.049141e+04 -1.150219e-18 8.956704e-19
1.050241e+04 1.424804e-19 8.947365e-19
1.051341e+04 1.368806e-18 8.938044e-19
1.052441e+04 2.591491e-18 8.928741e-19
1.053541e+04 4.154502e-19 8.919458e-19
1.054641e+04 5.319842e-19 8.910193e-19
1.055741e+04 1.899031e-18 8.900947e-19
1.056841e+04 -1.172486e-18 8.891720e-19
1.057941e+04 6.604334e-19 8.882512e-19
1.059041e+04 2.142340e-18 8.873323e-19
1.060141e+04 -7.601926e-20 8.864154e-19
1.061241e+04 8.659497e-19 8.855003e-19
1.062341e+04 1.696374e-18 8.845872e-19
1.063441e+04 3.018513e-18 8.836760e-19
1.064541e+04 1.014095e-18 8.827669e-19
1.065641e+04 1.207195e-18 8.818596e-19
1.066741e+04 1.734443e-18 8.809544e-19
1.067841e+04 6.649730e-19 8.800512e-19
1.068941e+04 1.992197e-18 8.791500e-19
1.070041e+04 -3.043647e-20 8.782508e-19
1.071141e+04 2.179625e-18 8.773537e-19
1.072241e+04 -3.858560e-19 8.764587e-19
1.073341e+04 1.655201e-18 8.755658e-19
1.074441e+04 1.122093e-18 8.746750e-19
1.075541e+04 9.949321e-20 8.737863e-19
1.076641e+04 8.711094e-19 8.728997e-19
1.077741e+04 1.733923e-19 8.720154e-19
1.078841e+04 4.648895e-19 8.711333e-19
1.079941e+04 6.694867e-19 8.702534e-19
1.081041e+04 1.917703e-18 8.693757e-19
1.082141e+04 -9.793242e-19 8.685004e-19
1.083241e+04 8.993103e-19 8.676273e-19
1.084341e+04 9.459825e-19 8.667566e-19
1.085441e+04 -2.000439e-19 8.658883e-19
1.086541e+04 -1.205252e-18 8.650224e-19
1.087641e+04 -4.977177e-19 8.641589e-19
1.088741e+04 2.666442e-19 8.632979e-19
1.089841e+04 1.790278e-18 8.624394e-19
1.090941e+04 -3.579691e-19 8.615834e-19
1.092041e+04 -5.091990e-20 8.607300e-19
1.093141e+04 -4.530940e-19 8.598792e-19
1.094241e+04 4.607342e-19 8.590311e-19
1.095341e+04 -5.844077e-19 8.581856e-19
1.096441e+04 -3.537030e-20 8.573429e-19
1.097541e+04 4.496373e-19 8.565029e-19
1.098641e+04 1.312177e-18 8.556657e-19
1.099741e+04 -3.920708e-19 8.548314e-19
1.100841e+04 -8.517303e-19 8.540000e-19
1.101941e+04 1.186134e-18 8.531715e-19
1.103041e+04 5.929433e-19 8.523460e-19
1.104141e+04 8.674774e-19 8.515236e-19
1.105241e+04 -8.364094e-19 8.507042e-19
1.106341e+04 1.166449e-18 8.498879e-19
1.107441e+04 -3.246090e-19 8.490748e-19
1.108541e+04 1.065215e-18 8.482650e-19
1.109641e+04 1.065134e-18 8.474584e-19
1.110741e+04 7.986899e-19 8.466551e-19
1.111841e+04 2.945522e-19 8.458553e-19
1.112941e+04 1.108762e-18 8.450588e-19
1.114041e+04 3.653199e-19 8.442658e-19
1.115141e+04 2.583540e-18 8.434764e-19
1.116241e+04 2.348623e-18 8.426906e-19
1.117341e+04 2.381814e-18 8.419084e-19
1.118441e+04 -7.312193e-19 8.411299e-19
1.119541e+04 8.062606e-21 8.403552e-19
1.120641e+04 2.736416e-19 8.395843e-19
1.121741e+04 -9.267908e-19 8.388173e-19
1.122841e+04 -2.623441e-20 8.380543e-19
1.123941e+04 -4.725576e-19 8.372952e-19
1.125041e+04 -8.307176e-19 8.365402e-19
1.126141e+04 1.315553e-18 8.357893e-19
1.127241e+04 -3.314062e-19 8.350425e-19
1.128341e+04 1.385236e-18 8.343000e-19
1.129441e+04 -1.839184e-19 8.335619e-19
1.130541e+04 1.343800e-18 8.328280e-19
1.131641e+04 1.087928e-18 8.320986e-19
1.132741e+04 1.645034e-18 8.313737e-19
1.133841e+04 7.065910e-19 8.306534e-19
1.134941e+04 1.464670e-18 8.299376e-19
1.136041e+04 -1.282293e-19 8.292265e-19
1.137141e+04 -3.742159e-19 8.285202e-19
1.138241e+04 1.023349e-18 8.278187e-19
1.139341e+04 2.047743e-18 8.271220e-19
1.140441e+04 -1.844685e-20 8.264303e-19
1.141541e+04 1.272099e-18 8.257435e-19
1.142641e+04 2.998924e-19 8.250618e-19
1.143741e+04 1.248775e-18 8.243852e-19
1.144841e+04 8.666342e-19 8.237138e-19
1.145941e+04 1.574857e-18 8.230476e-19
1.147041e+04 7.211826e-19 8.223867e-19
1.148141e+04 1.335185e-18 8.217312e-19
1.149241e+04 7.470243e-19 8.210812e-19
1.150341e+04 7.089990e-19 8.204366e-19
1.151441e+04 9.374484e-19 8.197976e-19
1.152541e+04 1.356445e-18 8.191642e-19
1.153641e+04 -9.528338e-19 8.185365e-19
1.154741e+04 3.674079e-20 8.179146e-19
1.155841e+04 1.432652e-18 8.172985e-19
1.156941e+04 1.028151e-18 8.166882e-19
1.158041e+04 -4.815673e-19 8.160839e-19
1.159141e+04 -5.567503e-19 8.154855e-19
1.160241e+04 2.409012e-18 8.148932e-19
1.161341e+04 -4.751426e-19 8.143071e-19
1.162441e+04 2.328145e-18 8.137271e-19
1.163541e+04 9.754515e-19 8.131533e-19
1.164641e+04 8.140802e-19 8.125858e-19
1.165741e+04 2.144941e-19 8.120247e-19
1.166841e+04 1.956231e-19 8.114700e-19
1.167941e+04 1.237764e-18 8.109217e-19
1.169041e+04 1.230025e-18 8.103799e-19
1.170141e+04 1.157922e-18 8.098447e-19
1.171241e+04 -1.017029e-18 8.093161e-19
1.172341e+04 1.180449e-18 8.087942e-19
1.173441e+04 -1.172806e-18 8.082790e-19
1.174541e+04 8.071912e-19 8.077706e-19
1.175641e+04 1.129763e-18 8.072690e-19
1.176741e+04 6.492362e-19 8.067743e-19
1.177841e+04 5.971979e-19 8.062864e-19
1.178941e+04 1.231450e-18 8.058056e-19
1.180041e+04 -4.842614e-20 8.053317e-19
1.181141e+04 -7.460028e-20 8.048649e-19
1.182241e+04 8.720216e-19 8.044052e-19
1.183341e+04 1.380775e-18 8.039527e-19
1.184441e+04 7.593524e-19 8.035073e-19
1.185541e+04 7.608534e-19 8.030691e-19
1.186641e+04 1.435432e-18 8.026382e-19
1.187741e+04 1.439547e-18 8.022146e-19
1.188841e+04 1.657654e-18 8.017983e-19
1.189941e+04 1.731604e-18 8.013894e-19
1.191041e+04 4.240323e-18 8.009879e-19
1.192141e+04 2.290852e-18 8.005938e-19
1.193241e+04 2.270051e-18 8.002072e-19
1.194341e+04 1.981209e-18 7.998280e-19
1.195441e+04 -5.415588e-19 7.994564e-19
1.196541e+04 8.029636e-19 7.990924e-19
1.197641e+04 1.339975e-19 7.987359e-19
1.198741e+04 8.043439e-19 7.983870e-19
1.199841e+04 -5.681471e-19 7.980457e-19
1.200941e+04 -8.466501e-19 7.977121e-19
1.202041e+04 -1.171934e-18 7.973861e-19
1.203141e+04 7.232811e-19 7.970678e-19
1.204241e+04 2.414949e-18 7.967572e-19
1.205341e+04 -2.826436e-19 7.964544e-19
1.206441e+04 -4.505966e-21 7.961592e-19
1.207541e+04 1.053983e-18 7.958718e-19
1.208641e+04 -1.580297e-19 7.955921e-19
1.209741e+04 7.990441e-19 7.953202e-19
1.210841e+04 -1.004366e-18 7.950561e-19
1.211941e+04 9.689741e-19 7.947997e-19
1.213041e+04 1.123738e-18 7.945512e-19
1.214141e+04 1.596496e-18 7.943104e-19
1.215241e+04 1.810524e-18 7.940774e-19
1.216341e+04 1.854426e-18 7.938521e-19
1.217441e+04 -3.540305e-20 7.936347e-19
1.218541e+04 9.921866e-20 7.934250e-19
1.219641e+04 1.898776e-18 7.932231e-19
1.220741e+04 9.304476e-19 7.930290e-19
1.221841e+04 7.606458e-20 7.928427e-19
1.222941e+04 1.691357e-18 7.926641e-19
1.224041e+04 1.362912e-18 7.924932e-19
1.225141e+04 3.919995e-18 7.923301e-19
1.226241e+04 5.908637e-18 7.921747e-19
1.227341e+04 6.267487e-18 7.920270e-19
1.228441e+04 3.551595e-18 7.918870e-19
1.229541e+04 1.563851e-18 7.917547e-19
1.230641e+04 1.094383e-19 7.916300e-19
1.231741e+04 5.805982e-19 7.915129e-19
1.232841e+04 2.508560e-19 7.914034e-19
1.233941e+04 1.903613e-18 7.913015e-19
1.235041e+04 6.791009e-20 7.912072e-19
1.236141e+04 3.444091e-19 7.911204e-19
1.237241e+04 -1.261564e-19 7.910411e-19
1.238341e+04 1.779452e-18 7.909692e-19
1.239441e+04 -1.714352e-18 7.909048e-19
1.240541e+04 6.723697e-19 7.908477e-19
1.241641e+04 8.097178e-19 7.907980e-19
1.242741e+04 4.678936e-19 7.907557e-19
1.243841e+04 1.217239e-18 7.907206e-19
1.244941e+04 1.108828e-18 7.906927e-19
1.246041e+04 3.617986e-19 7.906720e-19
1.247141e+04 1.165823e-18 7.906585e-19
1.248241e+04 4.740392e-19 7.906521e-19
1.249341e+04 -4.523420e-19 7.906528e-19
1.250441e+04 -1.044312e-18 7.906605e-19
1.251541e+04 1.560766e-19 7.906751e-19
1.252641e+04 1.877636e-19 7.906967e-19
1.253741e+04 -3.442029e-19 7.907251e-19
1.254841e+04 -9.785767e-19 7.907604e-19
1.255941e+04 1.110827e-18 7.908024e-19
1.257041e+04 1.587915e-19 7.908511e-19
1.258141e+04 1.173861e-18 7.909065e-19
1.259241e+04 7.628506e-19 7.909684e-19
1.260341e+04 6.552838e-19 7.910369e-19
1.261441e+04 1.328574e-18 7.911119e-19
1.262541e+04 2.895843e-19 7.911933e-19
1.263641e+04 8.081715e-19 7.912811e-19
1.264741e+04 -1.076883e-19 7.913752e-19
1.265841e+04 5.603933e-19 7.914755e-19
1.266941e+04 1.134173e-18 7.915819e-19
1.268041e+04 -1.636967e-18 7.916945e-19
1.269141e+04 7.236400e-19 7.918131e-19
1.270241e+04 5.836964e-19 7.919377e-19
1.271341e+04 5.390588e-19 7.920682e-19
1.272441e+04 3.229892e-19 7.922045e-19
1.273541e+04 7.247027e-19 7.923465e-19
1.274641e+04 -1.141620e-18 7.924943e-19
1.275741e+04 5.023943e-19 7.926476e-19
1.276841e+04 2.238316e-18 7.928065e-19
1.277941e+04 -6.894971e-19 7.929708e-19
1.279041e+04 1.009372e-18 7.931405e-19
1.280141e+04 -5.241729e-19 7.933155e-19
1.281241e+04 -6.960285e-19 7.934958e-19
1.282341e+04 -9.593969e-19 7.936812e-19
1.283441e+04 1.167551e-18 7.938716e-19
1.284541e+04 -1.256723e-18 7.940671e-19
1.285641e+04 3.811780e-20 7.942674e-19
1.286741e+04 -3.717142e-19 7.944726e-19
1.287841e+04 -8.238486e-21 7.946825e-19
1.288941e+04 1.313812e-18 7.948971e-19
1.290041e+04 1.113633e-18 7.951163e-19
1.291141e+04 2.232039e-18 7.953399e-19
1.292241e+04 1.153466e-18 7.955680e-19
1.293341e+04 1.719654e-19 7.958004e-19
1.294441e+04 1.018802e-18 7.960370e-19
1.295541e+04 1.752421e-18 7.962778e-19
1.296641e+04 -9.150235e-20 7.965227e-19
1.297741e+04 4.136187e-19 7.967715e-19
1.298841e+04 2.125505e-18 7.970243e-19
1.299941e+04 1.365748e-18 7.972808e-19
1.301041e+04 3.635732e-19 7.975411e-19
1.302141e+04 -1.424922e-18 7.978050e-19
1.303241e+04 -9.573824e-19 7.980725e-19
1.304341e+04 1.605823e-19 7.983434e-19
1.305441e+04 1.539667e-18 7.986177e-19
1.306541e+04 3.357670e-19 7.988953e-19
1.307641e+04 1.563893e-18 7.991761e-19
1.308741e+04 1.618601e-18 7.994600e-19
1.309841e+04 5.903272e-19 7.997469e-19
1.310941e+04 7.678481e-19 8.000367e-19
1.312041e+04 3.526588e-22 8.003294e-19
1.313141e+04 4.422441e-20 8.006248e-19
1.314241e+04 -2.773338e-20 8.009229e-19
1.315341e+04 5.277168e-19 8.012236e-19
1.316441e+04 6.075938e-19 8.015268e-19
1.317541e+04 9.597073e-20 8.018324e-19
1.318641e+04 -1.902433e-18 8.021402e-19
1.319741e+04 8.494871e-20 8.024503e-19
1.320841e+04 -6.483472e-19 8.027626e-19
1.321941e+04 -4.386429e-19 8.030769e-19
1.323041e+04 -2.106558e-20 8.033932e-19
1.324141e+04 4.372979e-19 8.037114e-19
1.325241e+04 -9.457517e-20 8.040314e-19
1.326341e+04 3.636700e-19 8.043531e-19
1.327441e+04 1.085701e-18 8.046764e-19
1.328541e+04 2.769358e-19 8.050013e-19
1.329641e+04 2.571725e-19 8.053277e-19
1.330741e+04 -1.363217e-19 8.056554e-19
1.331841e+04 2.595706e-20 8.059844e-19
1.332941e+04 -1.127921e-18 8.063147e-19
1.334041e+04 2.819551e-19 8.066460e-19
1.335141e+04 -1.726618e-19 8.069785e-19
1.336241e+04 9.470607e-19 8.073119e-19
1.337341e+04 1.786188e-18 8.076461e-19
1.338441e+04 5.982610e-19 8.079812e-19
1.339541e+04 8.330767e-19 8.083171e-19
1.340641e+04 -7.822353e-19 8.086536e-19
1.341741e+04 9.466271e-19 8.089906e-19
1.342841e+04 1.086738e-18 8.093282e-19
1.343941e+04 4.050946e-19 8.096662e-19
1.345041e+04 -1.059804e-18 8.100045e-19
1.346141e+04 4.412946e-19 8.103431e-19
1.347241e+04 7.625258e-19 8.106819e-19
1.348341e+04 4.056059e-19 8.110209e-19
1.349441e+04 -1.980953e-19 8.113599e-19
1.350541e+04 1.923729e-18 8.116989e-19
1.351641e+04 1.351493e-18 8.120378e-19
1.352741e+04 -1.159412e-18 8.123765e-19
1.353841e+04 3.988878e-19 8.127151e-19
1.354941e+04 1.008856e-18 8.130534e-19
1.356041e+04 2.048993e-18 8.133913e-19
1.357141e+04 1.311516e-18 8.137288e-19
1.358241e+04 4.774274e-19 8.140658e-19
1.359341e+04 1.219223e-18 8.144023e-19
1.360441e+04 2.135637e-19 8.147382e-19
1.361541e+04 5.277417e-19 8.150734e-19
1.362641e+04 -1.379843e-18 8.154079e-19
1.363741e+04 1.230197e-18 8.157417e-19
1.364841e+04 6.821716e-19 8.160746e-19
1.365941e+04 -1.312466e-20 8.164066e-19
1.367041e+04 -1.026016e-18 8.167377e-19
1.368141e+04 2.115729e-18 8.170678e-19
1.369241e+04 -1.454519e-18 8.173968e-19
1.370341e+04 -6.517975e-19 8.177248e-19
1.371441e+04 9.482953e-19 8.180516e-19
1.372541e+04 -1.243317e-18 8.183773e-19
1.373641e+04 1.545095e-18 8.187017e-19
1.374741e+04 -7.460155e-19 8.190248e-19
1.375841e+04 1.827469e-19 8.193466e-19
1.376941e+04 8.787823e-19 8.196670e-19
1.378041e+04 -9.501112e-19 8.199861e-19
1.379141e+04 1.032743e-18 8.203037e-19
1.380241e+04 8.741179e-19 8.206198e-19
1.381341e+04 9.071766e-19 8.209344e-19
1.382441e+04 6.449881e-19 8.212475e-19
1.383541e+04 1.798793e-18 8.215590e-19
1.384641e+04 4.035623e-19 8.218688e-19
1.385741e+04 4.271564e-19 8.221770e-19
1.386841e+04 1.356773e-18 8.224836e-19
1.387941e+04 2.763433e-19 8.227884e-19
1.389041e+04 -2.006873e-19 8.230915e-19
1.390141e+04 1.189788e-18 8.233929e-19
1.391241e+04 -2.185056e-19 8.236924e-19
1.392341e+04 9.225737e-19 8.239902e-19
1.393441e+04 -5.984237e-19 8.242862e-19
1.394541e+04 1.826281e-18 8.245803e-19
1.395641e+04 6.979686e-19 8.248726e-19
1.396741e+04 5.826442e-19 8.251630e-19
1.397841e+04 -5.085266e-19 8.254515e-19
1.398941e+04 -9.017301e-20 8.257381e-19
1.400041e+04 -8.062600e-19 8.260229e-19
1.401141e+04 6.401932e-19 8.263057e-19
1.402241e+04 1.466690e-18 8.265866e-19
1.403341e+04 1.369104e-18 8.268656e-19
1.404441e+04 7.130160e-19 8.271427e-19
1.405541e+04 -8.495250e-19 8.274178e-19
1.406641e+04 7.330749e-19 8.276910e-19
1.407741e+04 1.877625e-18 8.279622e-19
1.408841e+04 -6.640106e-20 8.282315e-19
1.409941e+04 7.369376e-19 8.284989e-19
1.411041e+04 1.470407e-18 8.287643e-19
1.412141e+04 -6.750300e-19 8.290278e-19
1.413241e+04 -1.046695e-19 8.292894e-19
1.414341e+04 -1.286190e-18 8.295491e-19
1.415441e+04 7.459933e-20 8.298069e-19
1.416541e+04 -3.424892e-19 8.300628e-19
1.417641e+04 1.911838e-18 8.303169e-19
1.418741e+04 8.384114e-20 8.305691e-19
1.419841e+04 1.473444e-18 8.308194e-19
1.420941e+04 9.294976e-19 8.310680e-19
1.422041e+04 -1.501878e-18 8.313147e-19
1.423141e+04 1.551400e-18 8.315596e-19
1.424241e+04 7.243442e-19 8.318028e-19
1.425341e+04 -1.084666e-19 8.320443e-19
1.426441e+04 6.629953e-19 8.322840e-19
1.427541e+04 -7.578757e-19 8.325221e-19
1.428641e+04 6.973100e-20 8.327585e-19
1.429741e+04 -2.237131e-19 8.329932e-19
1.430841e+04 -6.726577e-19 8.332264e-19
1.431941e+04 1.658710e-18 8.334580e-19
1.433041e+04 3.716765e-19 8.336880e-19
1.434141e+04 -3.289235e-19 8.339166e-19
1.435241e+04 1.357000e-19 8.341436e-19
1.436341e+04 1.722329e-19 8.343693e-19
1.437441e+04 2.657167e-18 8.345935e-19
1.438541e+04 1.128393e-19 8.348164e-19
1.439641e+04 -3.671254e-19 8.350380e-19
1.440741e+04 3.413387e-20 8.352582e-19
1.441841e+04 8.334828e-19 8.354773e-19
1.442941e+04 2.194200e-18 8.356951e-19
1.444041e+04 6.580783e-19 8.359117e-19
1.445141e+04 6.623827e-19 8.361273e-19
1.446241e+04 -3.177441e-19 8.363418e-19
1.447341e+04 8.189817e-19 8.365553e-19
1.448441e+04 1.782053e-18 8.367677e-19
1.449541e+04 -2.923092e-19 8.369793e-19
1.450641e+04 7.699641e-19 8.371900e-19
1.451741e+04 3.346669e-19 8.373998e-19
1.452841e+04 -4.211762e-19 8.376089e-19
1.453941e+04 1.527205e-18 8.378172e-19
1.455041e+04 1.221864e-18 8.380249e-19
1.456141e+04 8.254086e-19 8.382319e-19
1.457241e+04 1.228908e-18 8.384384e-19
1.458341e+04 -4.491817e-19 8.386443e-19
1.459441e+04 -4.701410e-20 8.388497e-19
1.460541e+04 -3.969523e-19 8.390548e-19
1.461641e+04 7.909277e-19 8.392594e-19
1.462741e+04 1.814248e-18 8.394638e-19
1.463841e+04 1.596857e-18 8.396679e-19
1.464941e+04 6.639066e-20 8.398719e-19
1.466041e+04 1.532050e-19 8.400756e-19
1.467141e+04 -1.643413e-19 8.402793e-19
1.468241e+04 1.410213e-19 8.404830e-19
1.469341e+04 -2.112166e-20 8.406867e-19
1.470441e+04 -5.368447e-19 8.408905e-19
1.471541e+04 1.581318e-18 8.410945e-19
1.472641e+04 1.652910e-18 8.412986e-19
1.473741e+04 -6.225039e-19 8.415030e-19
1.474841e+04 4.223531e-19 8.417078e-19
1.475941e+04 8.197930e-19 8.419129e-19
1.477041e+04 9.764944e-19 8.421184e-19
1.478141e+04 1.431876e-18 8.423245e-19
1.479241e+04 -5.140345e-19 8.425310e-19
1.480341e+04 6.614346e-19 8.427382e-19
1.481441e+04 1.143751e-18 8.429461e-19
1.482541e+04 1.735216e-18 8.431547e-19
1.483641e+04 3.147049e-19 8.433640e-19
1.484741e+04 -1.750710e-18 8.435742e-19
1.485841e+04 5.849540e-19 8.437853e-19
1.486941e+04 7.124101e-19 8.439974e-19
1.488041e+04 1.190653e-18 8.442104e-19
1.489141e+04 -1.378966e-18 8.444245e-19
1.490241e+04 2.337417e-18 8.446398e-19
1.491341e+04 1.807449e-19 8.448562e-19
1.492441e+04 1.226597e-19 8.450738e-19
1.493541e+04 6.627020e-19 8.452927e-19
1.494641e+04 6.723139e-19 8.455129e-19
1.495741e+04 1.333527e-18 8.457346e-19
1.496841e+04 4.021605e-19 8.459576e-19
1.497941e+04 -2.715268e-19 8.461822e-19
1.499041e+04 1.115542e-19 8.464082e-19
1.500141e+04 1.637036e-18 8.466359e-19
1.501241e+04 6.109896e-20 8.468652e-19
1.502341e+04 -1.824797e-19 8.470962e-19
1.503441e+04 1.653993e-18 8.473289e-19
1.504541e+04 -1.699356e-19 8.475634e-19
1.505641e+04 -2.289229e-19 8.477997e-19
1.506741e+04 -2.796324e-19 8.480379e-19
1.507841e+04 -1.502781e-18 8.482780e-19
1.508941e+04 -4.199992e-19 8.485200e-19
1.510041e+04 1.961900e-18 8.487641e-19
1.511141e+04 -6.124139e-19 8.490101e-19
1.512241e+04 -2.360023e-21 8.492583e-19
1.513341e+04 3.456281e-19 8.495086e-19
1.514441e+04 1.309720e-19 8.497610e-19
1.515541e+04 -1.925419e-19 8.500156e-19
1.516641e+04 2.102388e-18 8.502724e-19
1.517741e+04 8.791020e-19 8.505315e-19
1.518841e+04 9.914541e-20 8.507929e-19
1.519941e+04 2.743303e-19 8.510565e-19
1.521041e+04 -5.751973e-19 8.513226e-19
1.522141e+04 9.850271e-19 8.515910e-19
1.523241e+04 2.419731e-19 8.518618e-19
1.524341e+04 2.517485e-20 8.521351e-19
1.525441e+04 -5.424900e-20 8.524108e-19
1.526541e+04 -2.984373e-19 8.526890e-19
1.527641e+04 -4.724555e-20 8.529697e-19
1.528741e+04 1.210879e-18 8.532529e-19
1.529841e+04 1.082884e-18 8.535387e-19
1.530941e+04 2.088666e-18 8.538271e-19
1.532041e+04 1.457610e-18 8.541180e-19
1.533141e+04 7.975660e-19 8.544115e-19
1.534241e+04 3.443641e-20 8.547076e-19
1.535341e+04 8.828706e-19 8.550063e-19
1.536441e+04 1.013931e-18 8.553077e-19
1.537541e+04 2.562529e-19 8.556117e-19
1.538641e+04 1.316001e-18 8.559184e-19
1.539741e+04 -8.672076e-20 8.562277e-19
1.540841e+04 -1.916055e-19 8.565397e-19
1.541941e+04 -6.570879e-19 8.568544e-19
1.543041e+04 7.036034e-19 8.571717e-19
1.544141e+04 1.267609e-18 8.574917e-19
1.545241e+04 2.886847e-19 8.578144e-19
1.546341e+04 7.231630e-19 8.581397e-19
1.547441e+04 -7.352830e-19 8.584677e-19
1.548541e+04 -1.094869e-18 8.587983e-19
1.549641e+04 1.091284e-18 8.591316e-19
1.550741e+04 -5.663368e-19 8.594676e-19
1.551841e+04 8.602867e-19 8.598062e-19
1.552941e+04 -3.004209e-19 8.601474e-19
1.554041e+04 4.728781e-20 8.604912e-19
1.555141e+04 -1.391769e-18 8.608377e-19
1.556241e+04 4.789139e-19 8.611867e-19
1.557341e+04 2.849493e-19 8.615383e-19
1.558441e+04 1.504390e-19 8.618924e-19
1.559541e+04 3.483377e-19 8.622490e-19
1.560641e+04 -3.006015e-19 8.626082e-19
1.561741e+04 1.492726e-18 8.629699e-19
1.562841e+04 5.948325e-19 8.633340e-19
1.563941e+04 4.339975e-19 8.637005e-19
1.565041e+04 1.953116e-18 8.640694e-19
1.566141e+04 1.820095e-18 8.644408e-19
1.567241e+04 2.085142e-19 8.648144e-19
1.568341e+04 1.072707e-18 8.651904e-19
1.569441e+04 -8.932810e-19 8.655687e-19
1.570541e+04 -3.247443e-19 8.659493e-19
1.571641e+04 3.412017e-20 8.663320e-19
1.572741e+04 -4.639604e-19 8.667170e-19
1.573841e+04 5.831990e-19 8.671041e-19
1.574941e+04 1.382579e-18 8.674933e-19
1.576041e+04 -2.445169e-19 8.678845e-19
1.577141e+04 9.992404e-19 8.682778e-19
1.578241e+04 4.731983e-19 8.686731e-19
1.579341e+04 -1.462306e-18 8.690703e-19
1.580441e+04 -9.137216e-20 8.694695e-19
1.581541e+04 -3.434951e-19 8.698705e-19
1.582641e+04 8.075673e-20 8.702733e-19
1.583741e+04 -1.610789e-18 8.706778e-19
1.584841e+04 -3.998643e-19 8.710841e-19
1.585941e+04 9.690828e-19 8.714920e-19
1.587041e+04 1.554625e-18 8.719016e-19
1.588141e+04 -2.398715e-20 8.723127e-19
1.589241e+04 -5.396762e-19 8.727254e-19
1.590341e+04 5.122558e-19 8.731395e-19
1.591441e+04 -6.997533e-19 8.735550e-19
1.592541e+04 6.750999e-19 8.739719e-19
1.593641e+04 -5.031443e-19 8.743900e-19
1.594741e+04 -2.738134e-19 8.748094e-19
1.595841e+04 -1.097307e-19 8.752300e-19
1.596941e+04 7.563294e-19 8.756518e-19
1.598041e+04 7.377884e-19 8.760746e-19
1.599141e+04 -3.762313e-19 8.764984e-19
1.600241e+04 6.595249e-19 8.769232e-19
1.601341e+04 -3.016805e-19 8.773489e-19
1.602441e+04 -3.991649e-19 8.777754e-19
1.603541e+04 8.328804e-19 8.782028e-19
1.604641e+04 1.481741e-18 8.786308e-19
1.605741e+04 1.771487e-18 8.790595e-19
1.606841e+04 3.599827e-18 8.794888e-19
1.607941e+04 7.754946e-18 8.799186e-19
1.609041e+04 5.306865e-18 8.803490e-19
1.610141e+04 2.311885e-18 8.807797e-19
1.611241e+04 7.714606e-19 8.812108e-19
1.612341e+04 -9.248450e-20 8.816422e-19
1.613441e+04 1.298299e-18 8.820738e-19
1.614541e+04 -2.604632e-19 8.825056e-19
1.615641e+04 6.140795e-19 8.829375e-19
1.616741e+04 6.612084e-19 8.833694e-19
1.617841e+04 -8.448898e-19 8.838013e-19
1.618941e+04 1.023756e-18 8.842332e-19
1.620041e+04 1.279196e-18 8.846649e-19
1.621141e+04 5.791031e-19 8.850964e-19
1.622241e+04 -2.300124e-19 8.855276e-19
1.623341e+04 1.226941e-18 8.859585e-19
1.624441e+04 -5.174343e-19 8.863890e-19
1.625541e+04 -1.114040e-18 8.868190e-19
1.626641e+04 7.544375e-19 8.872486e-19
1.627741e+04 -7.751322e-19 8.876775e-19
1.628841e+04 6.311889e-19 8.881059e-19
1.629941e+04 3.818376e-19 8.885335e-19
1.631041e+04 4.567366e-19 8.889604e-19
1.632141e+04 1.092657e-19 8.893864e-19
1.633241e+04 -1.190985e-18 8.898116e-19
1.634341e+04 9.850516e-19 8.902358e-19
1.635441e+04 -7.886961e-19 8.906590e-19
1.636541e+04 -9.862500e-19 8.910812e-19
1.637641e+04 1.284902e-18 8.915022e-19
1.638741e+04 9.681552e-19 8.919221e-19
1.639841e+04 -4.985352e-19 8.923407e-19
1.640941e+04 1.639504e-18 8.927581e-19
1.642041e+04 2.587758e-19 8.931742e-19
1.643141e+04 2.984870e-19 8.935888e-19
1.644241e+04 1.082852e-18 8.940020e-19
1.645341e+04 1.151836e-18 8.944137e-19
1.646441e+04 1.320758e-18 8.948239e-19
1.647541e+04 -4.831026e-19 8.952324e-19
1.648641e+04 1.305028e-18 8.956393e-19
1.649741e+04 -4.463943e-19 8.960445e-19
1.650841e+04 2.559452e-19 8.964480e-19
1.651941e+04 2.275444e-18 8.968497e-19
1.653041e+04 2.669609e-19 8.972495e-19
1.654141e+04 -2.345689e-18 8.976474e-19
1.655241e+04 2.244092e-18 8.980434e-19
1.656341e+04 4.906800e-19 8.984374e-19
1.657441e+04 -4.063781e-19 8.988293e-19
1.658541e+04 -3.484585e-19 8.992192e-19
1.659641e+04 -7.498061e-19 8.996070e-19
1.660741e+04 -7.608773e-19 8.999926e-19
1.661841e+04 -9.523693e-19 9.003760e-19
1.662941e+04 -1.212173e-18 9.007572e-19
1.664041e+04 1.422062e-18 9.011362e-19
1.665141e+04 2.426339e-19 9.015128e-19
1.666241e+04 1.260222e-18 9.018870e-19
1.667341e+04 -1.966938e-19 9.022589e-19
1.668441e+04 -5.744902e-19 9.026283e-19
1.669541e+04 -3.711559e-20 9.029953e-19
1.670641e+04 1.243158e-19 9.033598e-19
1.671741e+04 -1.069056e-18 9.037218e-19
1.672841e+04 -7.134318e-19 9.040812e-19
1.673941e+04 1.208624e-18 9.044380e-19
1.675041e+04 -9.325748e-19 9.047922e-19
1.676141e+04 5.116401e-19 9.051438e-19
1.677241e+04 5.954610e-19 9.054927e-19
1.678341e+04 -3.390982e-19 9.058389e-19
1.679441e+04 4.076115e-19 9.061824e-19
1.680541e+04 -1.434414e-18 9.065231e-19
1.681641e+04 1.471691e-19 9.068611e-19
1.682741e+04 6.481756e-19 9.071963e-19
1.683841e+04 2.288049e-18 9.075286e-19
1.684941e+04 -4.077872e-20 9.078582e-19
1.686041e+04 -7.940581e-19 9.081848e-19
1.687141e+04 4.380889e-19 9.085086e-19
1.688241e+04 1.700420e-18 9.088295e-19
1.689341e+04 -2.506299e-19 9.091474e-19
1.690441e+04 -2.058184e-19 9.094625e-19
1.691541e+04 6.393261e-19 9.097746e-19
1.692641e+04 -1.957101e-19 9.100837e-19
1.693741e+04 1.647970e-18 9.103899e-19
1.694841e+04 -7.262385e-19 9.106930e-19
1.695941e+04 -6.720567e-19 9.109932e-19
1.697041e+04 2.545105e-19 9.112903e-19
1.698141e+04 1.048810e-18 9.115844e-19
1.699241e+04 -9.626581e-19 9.118755e-19
1.700341e+04 9.282442e-19 9.121636e-19
1.701441e+04 -4.360499e-19 9.124485e-19
1.702541e+04 1.634803e-18 9.127305e-19
1.703641e+04 1.433885e-18 9.130093e-19
1.704741e+04 2.057915e-19 9.132851e-19
1.705841e+04 -9.967994e-19 9.135578e-19
1.706941e+04 -1.068372e-19 9.138274e-19
1.708041e+04 -3.147493e-19 9.140939e-19
1.709141e+04 -1.497831e-18 9.143573e-19
1.710241e+04 1.422273e-18 9.146176e-19
1.711341e+04 7.809496e-19 9.148748e-19
1.712441e+04 1.068773e-18 9.151290e-19
1.713541e+04 6.856744e-19 9.153800e-19
1.714641e+04 -4.475682e-19 9.156279e-19
1.715741e+04 -1.291444e-18 9.158727e-19
1.716841e+04 4.609825e-19 9.161144e-19
1.717941e+04 6.715734e-19 9.163530e-19
1.719041e+04 2.323192e-20 9.165885e-19
1.720141e+04 7.558045e-19 9.168208e-19
1.721241e+04 -5.529965e-20 9.170501e-19
1.722341e+04 1.027069e-18 9.172763e-19
1.723441e+04 1.084682e-18 9.174994e-19
1.724541e+04 5.019233e-19 9.177193e-19
1.725641e+04 -5.957178e-19 9.179362e-19
1.726741e+04 2.353986e-18 9.181500e-19
1.727841e+04 9.780804e-19 9.183607e-19
1.728941e+04 -7.342421e-19 9.185683e-19
1.730041e+04 7.340042e-19 9.187729e-19
1.731141e+04 1.084041e-18 9.189744e-19
1.732241e+04 6.918137e-20 9.191727e-19
1.733341e+04 1.247601e-19 9.193681e-19
1.734441e+04 4.798346e-19 9.195603e-19
1.735541e+04 9.111444e-19 9.197496e-19
1.736641e+04 5.109938e-19 9.199357e-19
1.737741e+04 -1.459875e-18 9.201188e-19
1.738841e+04 5.838565e-19 9.202989e-19
1.739941e+04 1.424641e-18 9.204759e-19
1.741041e+04 -9.276317e-19 9.206500e-19
1.742141e+04 -6.070848e-19 9.208209e-19
1.743241e+04 -8.795693e-19 9.209889e-19
1.744341e+04 -1.556752e-18 9.211539e-19
1.745441e+04 -2.129923e-19 9.213158e-19
1.746541e+04 -1.533739e-19 9.214747e-19
1.747641e+04 1.577078e-18 9.216307e-19
1.748741e+04 6.565062e-19 9.217836e-19
1.749841e+04 2.658813e-19 9.219336e-19
1.750941e+04 1.770374e-19 9.220806e-19
1.752041e+04 7.421653e-19 9.222246e-19
1.753141e+04 -7.906525e-19 9.223656e-19
1.754241e+04 -1.597403e-18 9.225037e-19
1.755341e+04 2.412020e-19 9.226388e-19
1.756441e+04 2.032666e-18 9.227710e-19
1.757541e+04 3.078864e-19 9.229002e-19
1.758641e+04 1.427399e-19 9.230265e-19
1.759741e+04 -7.565191e-19 9.231498e-19
1.760841e+04 1.118126e-18 9.232702e-19
1.761941e+04 -6.703655e-19 9.233877e-19
1.763041e+04 2.168459e-19 9.235022e-19
1.764141e+04 -1.091372e-19 9.236138e-19
1.765241e+04 -1.610379e-18 9.237225e-19
1.766341e+04 -9.564446e-19 9.238282e-19
1.767441e+04 7.336035e-19 9.239311e-19
1.768541e+04 1.839574e-19 9.240310e-19
1.769641e+04 1.144553e-18 9.241280e-19
1.770741e+04 4.511398e-19 9.242222e-19
1.771841e+04 -4.318365e-19 9.243134e-19
1.772941e+04 4.980111e-19 9.244017e-19
1.774041e+04 3.758902e-19 9.244871e-19
1.775141e+04 2.702160e-19 9.245696e-19
1.776241e+04 -4.416525e-19 9.246493e-19
1.777341e+04 1.928930e-19 9.247260e-19
1.778441e+04 -2.185066e-18 9.247998e-19
1.779541e+04 -2.951874e-19 9.248708e-19
1.780641e+04 9.369595e-19 9.249388e-19
1.781741e+04 -6.656819e-19 9.250040e-19
1.782841e+04 -4.715175e-19 9.250663e-19
1.783941e+04 -1.720920e-18 9.251256e-19
1.785041e+04 9.570545e-19 9.251821e-19
1.786141e+04 -1.529398e-18 9.252357e-19
1.787241e+04 -5.926328e-19 9.252864e-19
1.788341e+04 -8.523851e-19 9.253342e-19
1.789441e+04 5.744997e-19 9.253791e-19
1.790541e+04 4.381091e-19 9.254212e-19
1.791641e+04 2.997916e-19 9.254603e-19
1.792741e+04 -2.819239e-19 9.254965e-19
1.793841e+04 7.656653e-19 9.255298e-19
1.794941e+04 -6.449774e-19 9.255603e-19
1.796041e+04 1.173802e-18 9.255878e-19
1.797141e+04 6.425443e-19 9.256124e-19
1.798241e+04 2.143018e-19 9.256341e-19
1.799341e+04 1.938889e-18 9.256529e-19
1.800441e+04 1.391990e-19 9.256688e-19
1.801541e+04 9.552338e-19 9.256817e-19
1.802641e+04 -6.183764e-19 9.256918e-19
1.803741e+04 1.319293e-18 9.256989e-19
1.804841e+04 -3.444785e-19 9.257031e-19
1.805941e+04 8.900898e-19 9.257044e-19
1.807041e+04 1.225375e-18 9.257028e-19
1.808141e+04 -6.433280e-19 9.256982e-19
1.809241e+04 -1.269332e-19 9.256908e-19
1.810341e+04 -1.385424e-18 9.256804e-19
1.811441e+04 -2.068924e-19 9.256670e-19
1.812541e+04 5.410321e-19 9.256508e-19
1.813641e+04 3.631769e-19 9.256316e-19
1.814741e+04 4.751459e-19 9.256094e-19
1.815841e+04 -1.220656e-18 9.255844e-19
1.816941e+04 4.304051e-19 9.255564e-19
1.818041e+04 1.049057e-18 9.255255e-19
1.819141e+04 -6.356370e-19 9.254916e-19
1.820241e+04 2.759546e-18 9.254548e-19
1.821341e+04 -1.157246e-18 9.254151e-19
1.822441e+04 8.618886e-19 9.253724e-19
1.823541e+04 -1.350814e-18 9.253268e-19
1.824641e+04 -5.540884e-19 9.252783e-19
1.825741e+04 2.589734e-19 9.252268e-19
1.826841e+04 -8.158644e-19 9.251724e-19
1.827941e+04 4.178720e-19 9.251151e-19
1.829041e+04 -8.036845e-20 9.250548e-19
1.830141e+04 6.557029e-19 9.249917e-19
1.831241e+04 -1.164606e-18 9.249256e-19
1.832341e+04 -8.039073e-19 9.248566e-19
1.833441e+04 6.046329e-19 9.247847e-19
1.834541e+04 6.542348e-20 9.247098e-19
1.835641e+04 2.743768e-19 9.246321e-19
1.836741e+04 1.257052e-18 9.245515e-19
1.837841e+04 7.284285e-19 9.244680e-19
1.838941e+04 5.173858e-19 9.243816e-19
1.840041e+04 -3.266471e-21 9.242923e-19
1.841141e+04 1.119497e-18 9.242002e-19
1.842241e+04 -8.556944e-19 9.241052e-19
1.843341e+04 -1.041492e-18 9.240074e-19
1.844441e+04 -3.295039e-19 9.239067e-19
1.845541e+04 -2.229426e-18 9.238032e-19
1.846641e+04 -8.965270e-20 9.236969e-19
1.847741e+04 -8.625131e-19 9.235878e-19
1.848841e+04 1.049129e-19 9.234759e-19
1.849941e+04 -4.259678e-19 9.233612e-19
1.851041e+04 -1.524743e-18 9.232437e-19
1.852141e+04 -3.087755e-20 9.231235e-19
1.853241e+04 -9.413059e-19 9.230006e-19
1.854341e+04 -1.081966e-19 9.228749e-19
1.855441e+04 -1.064942e-19 9.227465e-19
1.856541e+04 -1.241274e-19 9.226155e-19
1.857641e+04 1.006019e-18 9.224818e-19
1.858741e+04 1.659216e-18 9.223455e-19
1.859841e+04 1.485045e-18 9.222065e-19
1.860941e+04 9.341321e-19 9.220649e-19
1.862041e+04 1.786562e-18 9.219208e-19
1.863141e+04 6.789812e-19 9.217741e-19
1.864241e+04 2.437049e-19 9.216249e-19
1.865341e+04 1.196279e-18 9.214731e-19
1.866441e+04 -5.494698e-19 9.213189e-19
1.867541e+04 1.591258e-18 9.211622e-19
1.868641e+04 8.031057e-20 9.210032e-19
1.869741e+04 -2.065089e-19 9.208417e-19
1.870841e+04 -2.354400e-18 9.206778e-19
1.871941e+04 -1.014447e-18 9.205117e-19
1.873041e+04 1.190879e-18 9.203432e-19
1.874141e+04 8.153866e-20 9.201724e-19
1.875241e+04 8.682963e-19 9.199994e-19
1.876341e+04 4.541078e-19 9.198243e-19
1.877441e+04 1.106372e-18 9.196469e-19
1.878541e+04 2.957331e-18 9.194675e-19
1.879641e+04 5.977830e-19 9.192860e-19
1.880741e+04 -5.509372e-19 9.191024e-19
1.881841e+04 9.215841e-19 9.189168e-19
1.882941e+04 -5.696685e-19 9.187293e-19
1.884041e+04 3.874638e-19 9.185398e-19
1.885141e+04 1.508477e-18 9.183485e-19
1.886241e+04 -4.506815e-19 9.181553e-19
1.887341e+04 9.736708e-19 9.179603e-19
1.888441e+04 -3.338580e-19 9.177636e-19
1.889541e+04 -1.526181e-19 9.175652e-19
1.890641e+04 5.258857e-19 9.173651e-19
1.891741e+04 -1.283538e-18 9.171634e-19
1.892841e+04 -1.204318e-18 9.169602e-19
1.893941e+04 -7.930606e-19 9.167554e-19
1.895041e+04 -6.853684e-19 9.165492e-19
1.896141e+04 8.132232e-19 9.163417e-19
1.897241e+04 -6.226601e-19 9.161327e-19
1.898341e+04 -5.476044e-19 9.159225e-19
1.899441e+04 6.160369e-19 9.157111e-19
1.900541e+04 -1.115493e-19 9.154984e-19
1.901641e+04 1.009264e-18 9.152847e-19
1.902741e+04 9.874624e-20 9.150698e-19
1.903841e+04 1.393901e-18 9.148540e-19
1.904941e+04 -2.650436e-19 9.146372e-19
1.906041e+04 8.744069e-19 9.144196e-19
1.907141e+04 -1.323628e-18 9.142011e-19
1.908241e+04 2.083215e-18 9.139818e-19
1.909341e+04 -3.238701e-19 9.137619e-19
1.910441e+04 1.035708e-19 9.135413e-19
1.911541e+04 8.131553e-19 9.133202e-19
1.912641e+04 -2.325526e-19 9.130985e-19
1.913741e+04 5.971230e-19 9.128764e-19
1.914841e+04 1.276275e-18 9.126540e-19
1.915941e+04 -1.060596e-18 9.124312e-19
1.917041e+04 -8.508019e-19 9.122083e-19
1.918141e+04 4.414541e-19 9.119851e-19
1.919241e+04 1.858560e-21 9.117619e-19
1.920341e+04 7.936833e-19 9.115386e-19
1.921441e+04 -1.230814e-18 9.113154e-19
1.922541e+04 5.148266e-19 9.110923e-19
1.923641e+04 -1.038264e-18 9.108694e-19
1.924741e+04 3.497006e-19 9.106468e-19
1.925841e+04 1.462297e-18 9.104245e-19
1.926941e+04 -6.925700e-19 9.102027e-19
1.928041e+04 8.758297e-19 9.099813e-19
1.929141e+04 1.515634e-18 9.097605e-19
