# wavelength (A)  f_lam (erg/s/cm2/A) fe_lam (erg/s/cm2/A)
1.000387e+04 4.383838e-20 9.624884e-19
1.001487e+04 -4.779838e-19 9.617165e-19
1.002587e+04 1.542723e-18 9.609300e-19
1.003687e+04 4.823537e-20 9.601292e-19
1.004787e+04 -1.141510e-18 9.593142e-19
1.005887e+04 5.527107e-19 9.584850e-19
1.006987e+04 -1.172620e-18 9.576418e-19
1.008087e+04 -1.626060e-18 9.567846e-19
1.009187e+04 -1.572860e-18 9.559137e-19
1.010287e+04 1.375333e-18 9.550292e-19
1.011387e+04 -1.729851e-19 9.541311e-19
1.012487e+04 4.316944e-19 9.532196e-19
1.013587e+04 1.058192e-18 9.522949e-19
1.014687e+04 4.143690e-19 9.513571e-19
1.015787e+04 -1.516305e-18 9.504064e-19
1.016887e+04 2.035747e-18 9.494428e-19
1.017987e+04 1.081206e-18 9.484666e-19
1.019087e+04 1.146705e-19 9.474779e-19
1.020187e+04 -1.380638e-18 9.464769e-19
1.021287e+04 -1.276857e-18 9.454637e-19
1.022387e+04 9.055131e-19 9.444384e-19
1.023487e+04 -3.326224e-19 9.434013e-19
1.024587e+04 5.522112e-19 9.423525e-19
1.025687e+04 2.011154e-18 9.412922e-19
1.026787e+04 6.280019e-19 9.402206e-19
1.027887e+04 -8.632683e-19 9.391378e-19
1.028987e+04 8.306143e-19 9.380440e-19
1.030087e+04 6.128845e-19 9.369394e-19
1.031187e+04 1.424578e-18 9.358242e-19
1.032287e+04 7.430059e-19 9.346985e-19
1.033387e+04 2.672610e-19 9.335626e-19
1.034487e+04 -1.191807e-18 9.324166e-19
1.035587e+04 -1.195370e-18 9.312608e-19
1.036687e+04 3.507503e-19 9.300953e-19
1.037787e+04 1.295682e-18 9.289203e-19
1.038887e+04 -2.976856e-19 9.277360e-19
1.039987e+04 1.099636e-18 9.265426e-19
1.041087e+04 3.306673e-18 9.253404e-19
1.042187e+04 2.408793e-18 9.241295e-19
1.043287e+04 3.196162e-18 9.229101e-19
1.044387e+04 1.158548e-18 9.216824e-19
1.045487e+04 1.484060e-18 9.204467e-19
1.046587e+04 9.400371e-19 9.192032e-19
1.047687e+04 1.228924e-18 9.179520e-19
1.048787e+04 7.933813e-19 9.166934e-19
1.049887e+04 1.621985e-18 9.154276e-19
1.050987e+04 8.209747e-19 9.141549e-19
1.052087e+04 -5.560094e-20 9.128753e-19
1.053187e+04 -4.244688e-19 9.115892e-19
1.054287e+04 8.271624e-19 9.102967e-19
1.055387e+04 1.272351e-18 9.089982e-19
1.056487e+04 2.007154e-18 9.076937e-19
1.057587e+04 -1.083910e-19 9.063836e-19
1.058687e+04 1.499894e-18 9.050680e-19
1.059787e+04 1.248545e-18 9.037472e-19
1.060887e+04 1.459002e-18 9.024213e-19
1.061987e+04 6.644541e-19 9.010907e-19
1.063087e+04 -9.561304e-19 8.997556e-19
1.064187e+04 -9.318455e-20 8.984161e-19
1.065287e+04 3.298726e-19 8.970725e-19
1.066387e+04 4.328728e-19 8.957250e-19
1.067487e+04 -2.078691e-20 8.943739e-19
1.068587e+04 1.270681e-18 8.930193e-19
1.069687e+04 -1.011027e-19 8.916616e-19
1.070787e+04 4.296036e-19 8.903009e-19
1.071887e+04 2.028575e-19 8.889374e-19
1.072987e+04 -4.155583e-19 8.875714e-19
1.074087e+04 -3.234706e-19 8.862031e-19
1.075187e+04 1.719594e-18 8.848328e-19
1.076287e+04 1.844206e-18 8.834606e-19
1.077387e+04 2.874059e-19 8.820868e-19
1.078487e+04 7.925085e-19 8.807116e-19
1.079587e+04 2.118417e-18 8.793353e-19
1.080687e+04 1.435208e-18 8.779580e-19
1.081787e+04 1.846466e-18 8.765800e-19
1.082887e+04 1.581744e-19 8.752015e-19
1.083987e+04 1.779658e-18 8.738228e-19
1.085087e+04 -9.364482e-19 8.724440e-19
1.086187e+04 -1.041503e-20 8.710654e-19
1.087287e+04 1.028639e-18 8.696871e-19
1.088387e+04 3.749406e-19 8.683095e-19
1.089487e+04 8.291477e-20 8.669328e-19
1.090587e+04 3.339674e-19 8.655571e-19
1.091687e+04 1.469057e-18 8.641827e-19
1.092787e+04 -5.663278e-19 8.628098e-19
1.093887e+04 7.013040e-19 8.614385e-19
1.094987e+04 -6.996428e-19 8.600692e-19
1.096087e+04 -1.836670e-18 8.587021e-19
1.097187e+04 -1.597958e-19 8.573373e-19
1.098287e+04 1.164423e-18 8.559750e-19
1.099387e+04 -4.993845e-19 8.546155e-19
1.100487e+04 1.371031e-18 8.532590e-19
1.101587e+04 -1.279264e-19 8.519057e-19
1.102687e+04 -1.166434e-18 8.505558e-19
1.103787e+04 6.695917e-19 8.492094e-19
1.104887e+04 4.498109e-19 8.478668e-19
1.105987e+04 -1.196709e-18 8.465283e-19
1.107087e+04 2.914996e-19 8.451939e-19
1.108187e+04 1.923842e-18 8.438639e-19
1.109287e+04 -1.820037e-18 8.425385e-19
1.110387e+04 -1.949939e-19 8.412178e-19
1.111487e+04 3.219898e-19 8.399021e-19
1.112587e+04 8.516050e-19 8.385916e-19
1.113687e+04 -1.393287e-18 8.372864e-19
1.114787e+04 6.011084e-19 8.359867e-19
1.115887e+04 -3.417472e-19 8.346928e-19
1.116987e+04 8.700164e-19 8.334047e-19
1.118087e+04 2.931898e-19 8.321227e-19
1.119187e+04 7.893379e-19 8.308470e-19
1.120287e+04 1.516064e-20 8.295777e-19
1.121387e+04 2.936471e-19 8.283151e-19
1.122487e+04 -7.262840e-19 8.270592e-19
1.123587e+04 5.696041e-19 8.258102e-19
1.124687e+04 -4.912252e-19 8.245684e-19
1.125787e+04 1.002570e-18 8.233338e-19
1.126887e+04 6.237206e-19 8.221067e-19
1.127987e+04 -2.972138e-21 8.208872e-19
1.129087e+04 -9.283761e-19 8.196755e-19
1.130187e+04 5.779240e-19 8.184717e-19
1.131287e+04 -2.456009e-19 8.172759e-19
1.132387e+04 -2.371267e-19 8.160884e-19
1.133487e+04 -4.937079e-20 8.149092e-19
1.134587e+04 1.429252e-18 8.137386e-19
1.135687e+04 2.803504e-19 8.125766e-19
1.136787e+04 2.372950e-19 8.114234e-19
1.137887e+04 -2.740376e-20 8.102792e-19
1.138987e+04 -5.953801e-19 8.091440e-19
1.140087e+04 -7.199306e-19 8.080181e-19
1.141187e+04 2.810553e-19 8.069015e-19
1.142287e+04 -3.065537e-19 8.057943e-19
1.143387e+04 -1.060245e-18 8.046968e-19
1.144487e+04 5.094126e-19 8.036090e-19
1.145587e+04 8.463917e-19 8.025310e-19
1.146687e+04 5.249134e-19 8.014630e-19
1.147787e+04 1.448960e-18 8.004051e-19
1.148887e+04 -2.446061e-19 7.993573e-19
1.149987e+04 5.302227e-19 7.983199e-19
1.151087e+04 7.683968e-19 7.972929e-19
1.152187e+04 1.690938e-18 7.962764e-19
1.153287e+04 7.439732e-19 7.952705e-19
1.154387e+04 -8.983663e-19 7.942754e-19
1.155487e+04 -1.048424e-18 7.932910e-19
1.156587e+04 4.442496e-19 7.923177e-19
1.157687e+04 3.692702e-19 7.913553e-19
1.158787e+04 9.163934e-19 7.904040e-19
1.159887e+04 -5.346632e-20 7.894639e-19
1.160987e+04 3.862642e-19 7.885351e-19
1.162087e+04 3.600379e-19 7.876177e-19
1.163187e+04 -4.322170e-19 7.867117e-19
1.164287e+04 -6.972604e-19 7.858172e-19
1.165387e+04 1.209255e-18 7.849343e-19
1.166487e+04 2.458477e-18 7.840631e-19
1.167587e+04 4.532864e-18 7.832037e-19
1.168687e+04 1.584528e-18 7.823561e-19
1.169787e+04 -1.386047e-19 7.815203e-19
1.170887e+04 -7.109321e-19 7.806965e-19
1.171987e+04 2.137856e-19 7.798847e-19
1.173087e+04 -2.521118e-19 7.790850e-19
1.174187e+04 -5.204141e-20 7.782974e-19
1.175287e+04 -4.178980e-20 7.775219e-19
1.176387e+04 5.028830e-19 7.767587e-19
1.177487e+04 -6.972438e-19 7.760078e-19
1.178587e+04 -3.817285e-19 7.752692e-19
1.179687e+04 -6.613635e-19 7.745429e-19
1.180787e+04 -8.046034e-19 7.738291e-19
1.181887e+04 1.420029e-18 7.731277e-19
1.182987e+04 -1.291295e-18 7.724388e-19
1.184087e+04 4.999689e-19 7.717625e-19
1.185187e+04 -3.791823e-19 7.710987e-19
1.186287e+04 -1.644884e-19 7.704475e-19
1.187387e+04 1.576540e-18 7.698089e-19
1.188487e+04 1.835349e-18 7.691830e-19
1.189587e+04 4.249054e-18 7.685698e-19
1.190687e+04 6.238293e-18 7.679693e-19
1.191787e+04 3.380821e-18 7.673816e-19
1.192887e+04 1.383324e-18 7.668066e-19
1.193987e+04 -2.780409e-19 7.662443e-19
1.195087e+04 4.826240e-19 7.656949e-19
1.196187e+04 -3.981202e-20 7.651582e-19
1.197287e+04 -1.202793e-18 7.646344e-19
1.198387e+04 3.874471e-19 7.641234e-19
1.199487e+04 4.995503e-18 7.636252e-19
1.200587e+04 1.189240e-17 7.631398e-19
1.201687e+04 1.856321e-17 7.626673e-19
1.202787e+04 1.546806e-17 7.622076e-19
1.203887e+04 7.813117e-18 7.617608e-19
1.204987e+04 1.617174e-18 7.613268e-19
1.206087e+04 1.478047e-19 7.609057e-19
1.207187e+04 8.107105e-20 7.604974e-19
1.208287e+04 4.548216e-19 7.601019e-19
1.209387e+04 4.283351e-19 7.597193e-19
1.210487e+04 1.043137e-18 7.593494e-19
1.211587e+04 -6.933157e-20 7.589924e-19
1.212687e+04 -6.066208e-19 7.586482e-19
1.213787e+04 6.203156e-19 7.583167e-19
1.214887e+04 -7.094115e-19 7.579981e-19
1.215987e+04 4.766917e-19 7.576921e-19
1.217087e+04 -4.650993e-19 7.573990e-19
1.218187e+04 -5.576485e-19 7.571185e-19
1.219287e+04 4.342495e-19 7.568507e-19
1.220387e+04 2.972800e-19 7.565956e-19
1.221487e+04 -3.747596e-19 7.563532e-19
1.222587e+04 1.026101e-18 7.561233e-19
1.223687e+04 2.983732e-19 7.559061e-19
1.224787e+04 -1.192617e-18 7.557015e-19
1.225887e+04 -1.136028e-18 7.555094e-19
1.226987e+04 -5.272265e-19 7.553299e-19
1.228087e+04 1.803320e-18 7.551628e-19
1.229187e+04 -6.391098e-19 7.550082e-19
1.230287e+04 -8.165176e-19 7.548660e-19
1.231387e+04 -6.337503e-19 7.547363e-19
1.232487e+04 1.690878e-19 7.546189e-19
1.233587e+04 1.649873e-19 7.545138e-19
1.234687e+04 2.136427e-18 7.544210e-19
1.235787e+04 6.660900e-21 7.543405e-19
1.236887e+04 4.329535e-19 7.542722e-19
1.237987e+04 -1.707698e-20 7.542161e-19
1.239087e+04 -7.068381e-19 7.541721e-19
1.240187e+04 8.191607e-20 7.541403e-19
1.241287e+04 1.251156e-19 7.541204e-19
1.242387e+04 -1.863582e-19 7.541126e-19
1.243487e+04 6.018665e-19 7.541168e-19
1.244587e+04 3.455007e-19 7.541329e-19
1.245687e+04 5.562993e-19 7.541609e-19
1.246787e+04 1.779825e-19 7.542008e-19
1.247887e+04 1.092345e-18 7.542524e-19
1.248987e+04 1.161331e-18 7.543159e-19
1.250087e+04 -1.187315e-19 7.543910e-19
1.251187e+04 1.090433e-18 7.544779e-19
1.252287e+04 1.769305e-18 7.545763e-19
1.253387e+04 1.810123e-18 7.546864e-19
1.254487e+04 -1.341455e-20 7.548080e-19
1.255587e+04 7.254286e-20 7.549410e-19
1.256687e+04 7.970472e-19 7.550856e-19
1.257787e+04 2.617091e-19 7.552415e-19
1.258887e+04 8.228184e-19 7.554088e-19
1.259987e+04 8.456153e-19 7.555873e-19
1.261087e+04 1.485622e-18 7.557771e-19
1.262187e+04 -2.636589e-19 7.559781e-19
1.263287e+04 1.743411e-18 7.561903e-19
1.264387e+04 9.664612e-19 7.564136e-19
1.265487e+04 -5.239484e-20 7.566478e-19
1.266587e+04 -2.791234e-19 7.568931e-19
1.267687e+04 2.377317e-19 7.571493e-19
1.268787e+04 1.551185e-18 7.574164e-19
1.269887e+04 -6.818301e-19 7.576943e-19
1.270987e+04 3.891607e-19 7.579830e-19
1.272087e+04 5.164300e-19 7.582824e-19
1.273187e+04 -1.757663e-18 7.585924e-19
1.274287e+04 1.567754e-18 7.589131e-19
1.275387e+04 1.149275e-18 7.592443e-19
1.276487e+04 -1.551914e-18 7.595861e-19
1.277587e+04 2.326763e-19 7.599382e-19
1.278687e+04 1.153878e-18 7.603008e-19
1.279787e+04 1.101005e-18 7.606737e-19
1.280887e+04 1.094589e-18 7.610569e-19
1.281987e+04 9.948469e-19 7.614503e-19
1.283087e+04 4.874045e-19 7.618538e-19
1.284187e+04 -9.304264e-19 7.622675e-19
1.285287e+04 -1.352685e-18 7.626912e-19
1.286387e+04 -7.910749e-19 7.631249e-19
1.287487e+04 -4.565641e-19 7.635686e-19
1.288587e+04 5.348940e-19 7.640221e-19
1.289687e+04 3.693155e-19 7.644854e-19
1.290787e+04 -8.315504e-19 7.649585e-19
1.291887e+04 2.103359e-19 7.654413e-19
1.292987e+04 -3.606088e-19 7.659338e-19
1.294087e+04 -5.593648e-20 7.664358e-19
1.295187e+04 8.494763e-19 7.669473e-19
1.296287e+04 -9.828173e-20 7.674683e-19
1.297387e+04 1.139940e-18 7.679987e-19
1.298487e+04 -7.064370e-19 7.685384e-19
1.299587e+04 4.362871e-19 7.690874e-19
1.300687e+04 -1.366387e-18 7.696456e-19
1.301787e+04 6.599054e-19 7.702129e-19
1.302887e+04 -1.843101e-19 7.707893e-19
1.303987e+04 -7.950414e-19 7.713748e-19
1.305087e+04 5.789410e-19 7.719692e-19
1.306187e+04 1.646942e-18 7.725724e-19
1.307287e+04 3.963663e-19 7.731845e-19
1.308387e+04 1.686031e-18 7.738054e-19
1.309487e+04 1.897164e-18 7.744350e-19
1.310587e+04 -1.559672e-18 7.750732e-19
1.311687e+04 4.550644e-19 7.757199e-19
1.312787e+04 2.065374e-19 7.763751e-19
1.313887e+04 -5.543378e-19 7.770388e-19
1.314987e+04 -7.198238e-19 7.777108e-19
1.316087e+04 4.856333e-19 7.783911e-19
1.317187e+04 8.411845e-19 7.790796e-19
1.318287e+04 1.332789e-19 7.797763e-19
1.319387e+04 2.198815e-18 7.804810e-19
1.320487e+04 1.210349e-18 7.811937e-19
1.321587e+04 1.565893e-19 7.819143e-19
1.322687e+04 -8.218427e-19 7.826428e-19
1.323787e+04 3.162196e-19 7.833791e-19
1.324887e+04 -6.088554e-19 7.841231e-19
1.325987e+04 -7.733579e-19 7.848747e-19
1.327087e+04 -2.796780e-19 7.856339e-19
1.328187e+04 5.160118e-19 7.864005e-19
1.329287e+04 6.085577e-19 7.871746e-19
1.330387e+04 -4.397329e-19 7.879559e-19
1.331487e+04 1.976657e-19 7.887445e-19
1.332587e+04 2.624754e-19 7.895403e-19
1.333687e+04 -4.854114e-19 7.903431e-19
1.334787e+04 -6.980092e-19 7.911530e-19
1.335887e+04 -1.663403e-19 7.919697e-19
1.336987e+04 5.509776e-20 7.927933e-19
1.338087e+04 -4.226721e-19 7.936236e-19
1.339187e+04 -4.287013e-19 7.944606e-19
1.340287e+04 -2.222749e-18 7.953042e-19
1.341387e+04 3.340193e-19 7.961543e-19
1.342487e+04 8.510037e-20 7.970107e-19
1.343587e+04 -2.819335e-19 7.978735e-19
1.344687e+04 -7.792102e-19 7.987425e-19
1.345787e+04 -7.238665e-20 7.996177e-19
1.346887e+04 -5.925568e-19 8.004989e-19
1.347987e+04 1.534811e-18 8.013861e-19
1.349087e+04 3.198904e-19 8.022792e-19
1.350187e+04 1.422047e-18 8.031780e-19
1.351287e+04 3.919211e-19 8.040825e-19
1.352387e+04 -1.722247e-19 8.049927e-19
1.353487e+04 3.447946e-19 8.059082e-19
1.354587e+04 4.780834e-19 8.068292e-19
1.355687e+04 1.078309e-18 8.077555e-19
1.356787e+04 -2.456368e-19 8.086870e-19
1.357887e+04 5.964402e-19 8.096237e-19
1.358987e+04 -1.046211e-19 8.105653e-19
1.360087e+04 -8.753390e-19 8.115118e-19
1.361187e+04 -3.507432e-19 8.124631e-19
1.362287e+04 -1.927029e-18 8.134191e-19
1.363387e+04 1.496954e-18 8.143797e-19
1.364487e+04 1.031612e-18 8.153448e-19
1.365587e+04 7.113152e-19 8.163142e-19
1.366687e+04 7.456140e-19 8.172880e-19
1.367787e+04 1.379736e-18 8.182658e-19
1.368887e+04 4.613820e-19 8.192478e-19
1.369987e+04 -3.363713e-19 8.202336e-19
1.371087e+04 -6.513526e-19 8.212233e-19
1.372187e+04 1.946932e-18 8.222167e-19
1.373287e+04 5.725189e-19 8.232137e-19
1.374387e+04 6.411644e-19 8.242142e-19
1.375487e+04 6.221594e-19 8.252180e-19
1.376587e+04 1.644896e-19 8.262251e-19
1.377687e+04 1.008496e-19 8.272353e-19
1.378787e+04 2.662036e-19 8.282486e-19
1.379887e+04 7.605052e-21 8.292647e-19
1.380987e+04 4.918970e-19 8.302836e-19
1.382087e+04 -8.933764e-20 8.313052e-19
1.383187e+04 2.607345e-19 8.323293e-19
1.384287e+04 1.285069e-19 8.333558e-19
1.385387e+04 8.308917e-19 8.343846e-19
1.386487e+04 1.304344e-19 8.354155e-19
1.387587e+04 -2.186525e-18 8.364485e-19
1.388687e+04 8.085634e-19 8.374835e-19
1.389787e+04 5.347679e-19 8.385202e-19
1.390887e+04 -7.687158e-19 8.395585e-19
1.391987e+04 5.561931e-19 8.405984e-19
1.393087e+04 -4.401109e-19 8.416398e-19
1.394187e+04 1.058036e-18 8.426824e-19
1.395287e+04 4.870510e-19 8.437261e-19
1.396387e+04 2.418857e-18 8.447709e-19
1.397487e+04 8.102407e-19 8.458165e-19
1.398587e+04 9.509765e-19 8.468630e-19
1.399687e+04 1.448048e-18 8.479100e-19
1.400787e+04 1.796751e-19 8.489576e-19
1.401887e+04 -3.284161e-19 8.500055e-19
1.402987e+04 4.604746e-19 8.510537e-19
1.404087e+04 1.681649e-19 8.521019e-19
1.405187e+04 -2.999252e-19 8.531502e-19
1.406287e+04 -6.738950e-19 8.541982e-19
1.407387e+04 -3.073342e-19 8.552460e-19
1.408487e+04 -2.689212e-19 8.562934e-19
1.409587e+04 -4.368430e-19 8.573402e-19
1.410687e+04 6.426705e-19 8.583862e-19
1.411787e+04 1.134336e-18 8.594315e-19
1.412887e+04 -7.853552e-20 8.604758e-19
1.413987e+04 6.890602e-19 8.615190e-19
1.415087e+04 9.836758e-19 8.625610e-19
1.416187e+04 5.942861e-20 8.636016e-19
1.417287e+04 1.791698e-18 8.646407e-19
1.418387e+04 8.920487e-19 8.656781e-19
1.419487e+04 4.083110e-20 8.667138e-19
1.420587e+04 3.389641e-19 8.677476e-19
1.421687e+04 -4.703814e-19 8.687794e-19
1.422787e+04 -1.240736e-19 8.698090e-19
1.423887e+04 1.795931e-19 8.708363e-19
1.424987e+04 -3.455856e-19 8.718612e-19
1.426087e+04 8.184693e-19 8.728834e-19
1.427187e+04 4.723601e-19 8.739030e-19
1.428287e+04 1.831068e-21 8.749198e-19
1.429387e+04 -2.266039e-19 8.759335e-19
1.430487e+04 7.524593e-19 8.769442e-19
1.431587e+04 9.067997e-19 8.779517e-19
1.432687e+04 -6.264936e-19 8.789558e-19
1.433787e+04 -4.395057e-19 8.799564e-19
1.434887e+04 4.406773e-19 8.809534e-19
1.435987e+04 6.042629e-19 8.819467e-19
1.437087e+04 -5.895638e-20 8.829361e-19
1.438187e+04 -4.083203e-19 8.839215e-19
1.439287e+04 3.482435e-19 8.849027e-19
1.440387e+04 1.434223e-18 8.858798e-19
1.441487e+04 2.445135e-18 8.868525e-19
1.442587e+04 -5.572413e-19 8.878207e-19
1.443687e+04 2.507988e-19 8.887842e-19
1.444787e+04 -5.177783e-19 8.897431e-19
1.445887e+04 1.897785e-18 8.906971e-19
1.446987e+04 3.638234e-20 8.916462e-19
1.448087e+04 1.674878e-18 8.925901e-19
1.449187e+04 -3.684548e-19 8.935289e-19
1.450287e+04 -1.418971e-18 8.944624e-19
1.451387e+04 6.043389e-19 8.953904e-19
1.452487e+04 1.482515e-18 8.963129e-19
1.453587e+04 -8.604791e-19 8.972298e-19
1.454687e+04 5.852253e-19 8.981409e-19
1.455787e+04 1.851880e-18 8.990462e-19
1.456887e+04 -4.086964e-19 8.999455e-19
1.457987e+04 2.259623e-19 9.008387e-19
1.459087e+04 1.007594e-18 9.017257e-19
1.460187e+04 -1.055895e-18 9.026065e-19
1.461287e+04 8.463557e-19 9.034809e-19
1.462387e+04 -1.170563e-18 9.043488e-19
1.463487e+04 -3.148831e-19 9.052102e-19
1.464587e+04 -8.196814e-19 9.060649e-19
1.465687e+04 -4.380142e-19 9.069128e-19
1.466787e+04 1.053907e-18 9.077539e-19
1.467887e+04 1.245432e-18 9.085881e-19
1.468987e+04 -4.266430e-19 9.094152e-19
1.470087e+04 5.617208e-19 9.102352e-19
1.471187e+04 8.304957e-19 9.110480e-19
1.472287e+04 -7.860379e-19 9.118536e-19
1.473387e+04 -1.121365e-18 9.126517e-19
1.474487e+04 -1.390639e-19 9.134425e-19
1.475587e+04 6.484863e-19 9.142257e-19
1.476687e+04 7.451335e-19 9.150014e-19
1.477787e+04 5.692243e-19 9.157693e-19
1.478887e+04 -4.596153e-19 9.165296e-19
1.479987e+04 1.009198e-18 9.172820e-19
1.481087e+04 6.040439e-19 9.180266e-19
1.482187e+04 -4.810782e-19 9.187632e-19
1.483287e+04 4.445754e-19 9.194919e-19
1.484387e+04 9.945394e-20 9.202125e-19
1.485487e+04 -1.204811e-19 9.209250e-19
1.486587e+04 -1.739515e-18 9.216293e-19
1.487687e+04 1.602456e-19 9.223254e-19
1.488787e+04 1.405278e-19 9.230132e-19
1.489887e+04 -2.120888e-18 9.236927e-19
1.490987e+04 -1.282252e-18 9.243638e-19
1.492087e+04 1.946394e-18 9.250265e-19
1.493187e+04 -6.763007e-19 9.256807e-19
1.494287e+04 8.025562e-19 9.263264e-19
1.495387e+04 5.143686e-19 9.269636e-19
1.496487e+04 1.194684e-18 9.275922e-19
1.497587e+04 -3.401392e-19 9.282122e-19
1.498687e+04 -2.928173e-19 9.288235e-19
1.499787e+04 1.052908e-18 9.294262e-19
1.500887e+04 4.582901e-19 9.300201e-19
1.501987e+04 2.017961e-19 9.306053e-19
1.503087e+04 2.052934e-18 9.311818e-19
1.504187e+04 7.980183e-19 9.317495e-19
1.505287e+04 -2.289244e-18 9.323084e-19
1.506387e+04 -6.412369e-19 9.328585e-19
1.507487e+04 7.591666e-19 9.333997e-19
1.508587e+04 -1.203935e-20 9.339321e-19
1.509687e+04 9.369432e-19 9.344557e-19
1.510787e+04 6.927334e-20 9.349704e-19
1.511887e+04 -3.999138e-19 9.354763e-19
1.512987e+04 -1.656897e-18 9.359732e-19
1.514087e+04 2.169742e-19 9.364614e-19
1.515187e+04 1.078901e-18 9.369406e-19
1.516287e+04 -1.296531e-18 9.374110e-19
1.517387e+04 4.837202e-20 9.378725e-19
1.518487e+04 6.872051e-20 9.383251e-19
1.519587e+04 -9.734934e-19 9.387690e-19
1.520687e+04 2.984209e-18 9.392039e-19
1.521787e+04 -1.088338e-18 9.396301e-19
1.522887e+04 1.319874e-19 9.400474e-19
1.523987e+04 1.113886e-18 9.404559e-19
1.525087e+04 -5.892908e-19 9.408556e-19
1.526187e+04 -3.719908e-19 9.412466e-19
1.527287e+04 2.389165e-18 9.416288e-19
1.528387e+04 3.043728e-19 9.420023e-19
1.529487e+04 7.163674e-19 9.423671e-19
1.530587e+04 -1.476990e-18 9.427232e-19
1.531687e+04 2.002762e-18 9.430707e-19
1.532787e+04 2.067894e-18 9.434096e-19
1.533887e+04 -1.389275e-18 9.437399e-19
1.534987e+04 6.962030e-19 9.440616e-19
1.536087e+04 -2.262519e-18 9.443748e-19
1.537187e+04 1.839180e-18 9.446795e-19
1.538287e+04 6.555399e-19 9.449758e-19
1.539387e+04 2.673238e-19 9.452637e-19
1.540487e+04 -4.659095e-19 9.455432e-19
1.541587e+04 1.104619e-18 9.458144e-19
1.542687e+04 -1.532082e-18 9.460773e-19
1.543787e+04 1.136350e-18 9.463319e-19
1.544887e+04 8.343610e-19 9.465784e-19
1.545987e+04 -3.869666e-19 9.468168e-19
1.547087e+04 -2.456396e-19 9.470470e-19
1.548187e+04 9.803954e-19 9.472692e-19
1.549287e+04 6.496596e-19 9.474834e-19
1.550387e+04 5.100806e-19 9.476897e-19
1.551487e+04 3.908538e-19 9.478880e-19
1.552587e+04 9.435738e-19 9.480786e-19
1.553687e+04 3.664722e-19 9.482613e-19
1.554787e+04 -4.569317e-19 9.484363e-19
1.555887e+04 -9.386488e-19 9.486037e-19
1.556987e+04 -1.139009e-18 9.487635e-19
1.558087e+04 -1.529316e-18 9.489157e-19
1.559187e+04 7.806919e-19 9.490604e-19
1.560287e+04 -3.811336e-19 9.491977e-19
1.561387e+04 1.376892e-19 9.493276e-19
1.562487e+04 -2.391491e-19 9.494502e-19
1.563587e+04 2.338802e-19 9.495656e-19
1.564687e+04 -8.340459e-19 9.496738e-19
1.565787e+04 3.641356e-19 9.497749e-19
1.566887e+04 -2.796525e-19 9.498689e-19
1.567987e+04 8.803405e-20 9.499559e-19
1.569087e+04 2.595446e-19 9.500361e-19
1.570187e+04 5.469111e-19 9.501093e-19
1.571287e+04 4.669291e-19 9.501758e-19
1.572387e+04 9.202758e-19 9.502356e-19
1.573487e+04 2.671576e-18 9.502887e-19
1.574587e+04 6.848124e-18 9.503352e-19
1.575687e+04 9.355461e-18 9.503753e-19
1.576787e+04 6.867211e-18 9.504088e-19
1.577887e+04 2.350737e-18 9.504360e-19
1.578987e+04 1.804823e-18 9.504569e-19
1.580087e+04 -6.249829e-19 9.504715e-19
1.581187e+04 2.996055e-19 9.504800e-19
1.582287e+04 5.115167e-19 9.504823e-19
1.583387e+04 -1.233223e-18 9.504786e-19
1.584487e+04 -1.752171e-18 9.504689e-19
1.585587e+04 1.149823e-18 9.504534e-19
1.586687e+04 -2.816209e-19 9.504320e-19
1.587787e+04 8.490206e-19 9.504048e-19
1.588887e+04 1.234398e-19 9.503720e-19
1.589987e+04 -1.235607e-18 9.503335e-19
1.591087e+04 -9.116535e-19 9.502895e-19
1.592187e+04 7.135661e-19 9.502399e-19
1.593287e+04 6.163574e-19 9.501849e-19
1.594387e+04 -6.710526e-19 9.501246e-19
1.595487e+04 -1.005343e-18 9.500590e-19
1.596587e+04 1.643050e-18 9.499881e-19
1.597687e+04 1.052453e-19 9.499121e-19
1.598787e+04 9.642903e-19 9.498309e-19
1.599887e+04 1.222726e-18 9.497447e-19
1.600987e+04 5.438334e-19 9.496536e-19
1.602087e+04 4.142910e-19 9.495576e-19
1.603187e+04 3.192269e-19 9.494567e-19
1.604287e+04 3.063275e-19 9.493510e-19
1.605387e+04 -1.604544e-19 9.492407e-19
1.606487e+04 1.935117e-18 9.491256e-19
1.607587e+04 5.346274e-19 9.490060e-19
1.608687e+04 8.964534e-19 9.488819e-19
1.609787e+04 5.043962e-19 9.487533e-19
1.610887e+04 6.544757e-19 9.486203e-19
1.611987e+04 1.988482e-19 9.484829e-19
1.613087e+04 1.713203e-19 9.483413e-19
1.614187e+04 -3.808482e-20 9.481954e-19
1.615287e+04 -2.287055e-19 9.480454e-19
1.616387e+04 -1.174158e-18 9.478912e-19
1.617487e+04 3.591799e-19 9.477330e-19
1.618587e+04 1.411820e-19 9.475708e-19
1.619687e+04 -9.364878e-19 9.474047e-19
1.620787e+04 1.253498e-18 9.472346e-19
1.621887e+04 -1.383384e-18 9.470608e-19
1.622987e+04 -7.929955e-19 9.468831e-19
1.624087e+04 3.925436e-19 9.467017e-19
1.625187e+04 6.814869e-19 9.465166e-19
1.626287e+04 -7.534325e-20 9.463279e-19
1.627387e+04 -2.849363e-19 9.461356e-19
1.628487e+04 1.158920e-18 9.459397e-19
1.629587e+04 3.548406e-19 9.457404e-19
1.630687e+04 -1.105091e-18 9.455376e-19
1.631787e+04 3.191129e-19 9.453314e-19
1.632887e+04 1.022450e-18 9.451219e-19
1.633987e+04 3.724600e-19 9.449091e-19
1.635087e+04 5.007123e-20 9.446930e-19
1.636187e+04 7.616034e-19 9.444737e-19
1.637287e+04 4.084908e-19 9.442513e-19
1.638387e+04 8.374401e-19 9.440257e-19
1.639487e+04 -6.351666e-19 9.437970e-19
1.640587e+04 -2.335587e-19 9.435653e-19
1.641687e+04 1.170142e-18 9.433305e-19
1.642787e+04 -2.304970e-19 9.430928e-19
1.643887e+04 1.397778e-18 9.428521e-19
1.644987e+04 1.061914e-18 9.426086e-19
1.646087e+04 -1.213144e-19 9.423621e-19
1.647187e+04 8.095893e-19 9.421129e-19
1.648287e+04 -3.398056e-19 9.418609e-19
1.649387e+04 2.064935e-19 9.416061e-19
1.650487e+04 7.187306e-19 9.413486e-19
1.651587e+04 5.240140e-19 9.410883e-19
1.652687e+04 1.123224e-19 9.408255e-19
1.653787e+04 -1.083771e-18 9.405600e-19
1.654887e+04 -4.331814e-19 9.402919e-19
1.655987e+04 -2.303459e-19 9.400213e-19
1.657087e+04 5.857073e-19 9.397481e-19
1.658187e+04 -4.163535e-19 9.394724e-19
1.659287e+04 1.112471e-18 9.391942e-19
1.660387e+04 3.755762e-19 9.389136e-19
1.661487e+04 -1.051179e-18 9.386306e-19
1.662587e+04 1.253586e-18 9.383451e-19
1.663687e+04 1.677885e-18 9.380573e-19
1.664787e+04 1.138767e-18 9.377672e-19
1.665887e+04 5.594991e-19 9.374747e-19
1.666987e+04 1.405130e-18 9.371800e-19
1.668087e+04 4.361989e-20 9.368829e-19
1.669187e+04 1.436921e-18 9.365837e-19
1.670287e+04 4.057781e-20 9.362822e-19
1.671387e+04 -3.242062e-19 9.359785e-19
1.672487e+04 6.679805e-20 9.356726e-19
1.673587e+04 -9.782213e-19 9.353646e-19
1.674687e+04 1.346444e-18 9.350545e-19
1.675787e+04 7.539714e-19 9.347423e-19
1.676887e+04 -9.037321e-19 9.344279e-19
1.677987e+04 5.892483e-19 9.341115e-19
1.679087e+04 1.847508e-18 9.337931e-19
1.680187e+04 -3.900336e-19 9.334726e-19
1.681287e+04 -6.727325e-19 9.331501e-19
1.682387e+04 1.127717e-18 9.328257e-19
1.683487e+04 -1.646217e-18 9.324993e-19
1.684587e+04 9.300536e-19 9.321709e-19
1.685687e+04 -4.668387e-19 9.318406e-19
1.686787e+04 1.461835e-18 9.315084e-19
1.687887e+04 1.242313e-18 9.311743e-19
1.688987e+04 -5.588373e-19 9.308383e-19
1.690087e+04 1.469208e-18 9.305005e-19
1.691187e+04 1.003910e-18 9.301608e-19
1.692287e+04 -5.052605e-19 9.298193e-19
1.693387e+04 4.665071e-19 9.294760e-19
1.694487e+04 3.507172e-19 9.291310e-19
1.695587e+04 6.955059e-19 9.287841e-19
1.696687e+04 3.363053e-19 9.284355e-19
1.697787e+04 -7.070422e-19 9.280852e-19
1.698887e+04 1.377835e-18 9.277332e-19
1.699987e+04 5.477223e-21 9.273795e-19
1.701087e+04 -2.265252e-19 9.270241e-19
1.702187e+04 1.349731e-19 9.266671e-19
1.703287e+04 -1.294301e-18 9.263084e-19
1.704387e+04 -1.624357e-18 9.259481e-19
1.705487e+04 1.739288e-18 9.255863e-19
1.706587e+04 -2.075875e-18 9.252228e-19
1.707687e+04 -3.789419e-19 9.248577e-19
1.708787e+04 -5.051646e-19 9.244911e-19
1.709887e+04 2.536366e-19 9.241230e-19
1.710987e+04 1.062266e-18 9.237534e-19
1.712087e+04 1.132189e-19 9.233823e-19
1.713187e+04 -1.506048e-18 9.230097e-19
1.714287e+04 1.246989e-18 9.226357e-19
1.715387e+04 3.495720e-19 9.222602e-19
1.716487e+04 1.036042e-18 9.218834e-19
1.717587e+04 4.856828e-19 9.215051e-19
1.718687e+04 8.958087e-19 9.211255e-19
1.719787e+04 -1.150028e-18 9.207445e-19
1.720887e+04 1.286366e-18 9.203622e-19
1.721987e+04 -1.424146e-18 9.199786e-19
1.723087e+04 5.778740e-19 9.195937e-19
1.724187e+04 -9.180403e-19 9.192076e-19
1.725287e+04 1.342429e-18 9.188202e-19
1.726387e+04 -3.450465e-19 9.184316e-19
1.727487e+04 2.161148e-19 9.180418e-19
1.728587e+04 -5.167078e-19 9.176508e-19
1.729687e+04 -1.290515e-18 9.172586e-19
1.730787e+04 -4.715179e-19 9.168654e-19
1.731887e+04 7.259387e-19 9.164710e-19
1.732987e+04 1.688016e-19 9.160756e-19
1.734087e+04 -1.429501e-18 9.156791e-19
1.735187e+04 8.044465e-19 9.152815e-19
1.736287e+04 4.162821e-19 9.148830e-19
1.737387e+04 -3.092218e-19 9.144835e-19
1.738487e+04 4.426248e-20 9.140830e-19
1.739587e+04 -6.220826e-21 9.136817e-19
1.740687e+04 -5.906232e-19 9.132794e-19
1.741787e+04 -1.632055e-18 9.128762e-19
1.742887e+04 -8.098701e-19 9.124723e-19
1.743987e+04 -1.330900e-18 9.120675e-19
1.745087e+04 -1.342929e-18 9.116619e-19
1.746187e+04 1.196405e-20 9.112556e-19
1.747287e+04 -2.184630e-20 9.108485e-19
1.748387e+04 -1.195870e-18 9.104407e-19
1.749487e+04 2.310316e-20 9.100323e-19
1.750587e+04 1.545427e-18 9.096233e-19
1.751687e+04 -3.895781e-19 9.092136e-19
1.752787e+04 -3.874205e-19 9.088034e-19
1.753887e+04 -3.004820e-19 9.083926e-19
1.754987e+04 1.023235e-18 9.079813e-19
1.756087e+04 9.715470e-19 9.075695e-19
1.757187e+04 -1.035545e-19 9.071573e-19
1.758287e+04 -9.617575e-19 9.067446e-19
1.759387e+04 2.048148e-18 9.063316e-19
1.760487e+04 -3.020030e-19 9.059182e-19
1.761587e+04 3.509758e-19 9.055045e-19
1.762687e+04 -9.251641e-19 9.050906e-19
1.763787e+04 1.499577e-18 9.046763e-19
1.764887e+04 1.660186e-18 9.042619e-19
1.765987e+04 2.175877e-18 9.038473e-19
1.767087e+04 -6.950340e-19 9.034325e-19
1.768187e+04 4.443705e-19 9.030176e-19
1.769287e+04 7.397322e-19 9.026027e-19
1.770387e+04 6.838843e-19 9.021877e-19
1.771487e+04 -3.467861e-21 9.017727e-19
1.772587e+04 -7.500622e-20 9.013577e-19
1.773687e+04 4.044236e-19 9.009428e-19
1.774787e+04 -5.777057e-19 9.005281e-19
1.775887e+04 6.968329e-19 9.001134e-19
1.776987e+04 -1.549602e-18 8.996990e-19
1.778087e+04 -3.538790e-19 8.992847e-19
1.779187e+04 -3.307063e-19 8.988708e-19
1.780287e+04 4.765057e-20 8.984571e-19
1.781387e+04 -1.890878e-19 8.980437e-19
1.782487e+04 -1.854272e-19 8.976308e-19
1.783587e+04 1.041806e-19 8.972182e-19
1.784687e+04 -9.928593e-19 8.968061e-19
1.785787e+04 3.115869e-19 8.963945e-19
1.786887e+04 1.346625e-18 8.959834e-19
1.787987e+04 -6.555576e-19 8.955729e-19
1.789087e+04 9.165292e-20 8.951630e-19
1.790187e+04 2.085526e-18 8.947538e-19
1.791287e+04 -4.001891e-19 8.943452e-19
1.792387e+04 -1.012474e-18 8.939374e-19
1.793487e+04 -1.010496e-18 8.935304e-19
1.794587e+04 7.216868e-19 8.931241e-19
1.795687e+04 -6.105737e-19 8.927188e-19
1.796787e+04 -1.058699e-19 8.923143e-19
1.797887e+04 1.424163e-18 8.919107e-19
1.798987e+04 1.878290e-18 8.915082e-19
1.800087e+04 -7.159929e-19 8.911067e-19
1.801187e+04 1.288978e-18 8.907062e-19
1.802287e+04 9.778296e-19 8.903068e-19
1.803387e+04 -5.072964e-19 8.899086e-19
1.804487e+04 -3.876899e-19 8.895116e-19
1.805587e+04 -6.347750e-21 8.891158e-19
1.806687e+04 3.188839e-19 8.887213e-19
1.807787e+04 -3.250437e-19 8.883281e-19
1.808887e+04 8.176349e-19 8.879363e-19
1.809987e+04 1.346458e-18 8.875459e-19
1.811087e+04 -1.062870e-18 8.871570e-19
1.812187e+04 1.019830e-19 8.867695e-19
1.813287e+04 -2.468615e-19 8.863836e-19
1.814387e+04 6.564092e-19 8.859992e-19
1.815487e+04 -3.522090e-19 8.856165e-19
1.816587e+04 8.179987e-19 8.852354e-19
1.817687e+04 -4.916696e-19 8.848561e-19
1.818787e+04 -1.520777e-18 8.844785e-19
1.819887e+04 -8.215889e-19 8.841027e-19
1.820987e+04 -3.248712e-19 8.837287e-19
1.822087e+04 -2.603199e-19 8.833567e-19
1.823187e+04 5.328139e-19 8.829866e-19
1.824287e+04 -9.724429e-19 8.826184e-19
1.825387e+04 6.315605e-19 8.822523e-19
1.826487e+04 4.403143e-19 8.818882e-19
1.827587e+04 1.205086e-18 8.815263e-19
1.828687e+04 -2.453416e-19 8.811665e-19
1.829787e+04 9.908945e-19 8.808089e-19
1.830887e+04 1.623931e-19 8.804535e-19
1.831987e+04 2.066877e-19 8.801004e-19
1.833087e+04 6.532875e-19 8.797496e-19
1.834187e+04 3.322570e-20 8.794013e-19
1.835287e+04 -5.004479e-19 8.790553e-19
1.836387e+04 -1.044880e-18 8.787118e-19
1.837487e+04 9.540196e-19 8.783708e-19
1.838587e+04 -1.292258e-18 8.780324e-19
1.839687e+04 7.931417e-19 8.776966e-19
1.840787e+04 -8.570354e-19 8.773634e-19
1.841887e+04 4.098552e-19 8.770329e-19
1.842987e+04 6.814801e-19 8.767051e-19
1.844087e+04 4.012929e-19 8.763802e-19
1.845187e+04 -5.243138e-20 8.760581e-19
1.846287e+04 1.360678e-18 8.757388e-19
1.847387e+04 8.461968e-19 8.754225e-19
1.848487e+04 6.131396e-19 8.751091e-19
1.849587e+04 -4.599618e-19 8.747988e-19
1.850687e+04 -8.210798e-20 8.744916e-19
1.851787e+04 -1.971731e-18 8.741874e-19
1.852887e+04 1.671695e-18 8.738864e-19
1.853987e+04 6.956606e-19 8.735886e-19
1.855087e+04 1.807867e-18 8.732941e-19
1.856187e+04 1.453120e-18 8.730029e-19
1.857287e+04 1.577356e-19 8.727150e-19
1.858387e+04 -5.954225e-19 8.724305e-19
1.859487e+04 2.056901e-18 8.721495e-19
1.860587e+04 -5.808142e-19 8.718719e-19
1.861687e+04 -6.432373e-19 8.715978e-19
1.862787e+04 -1.534370e-18 8.713273e-19
1.863887e+04 -3.541795e-19 8.710604e-19
1.864987e+04 -9.297132e-19 8.707972e-19
1.866087e+04 -6.993571e-19 8.705377e-19
1.867187e+04 2.796098e-19 8.702820e-19
1.868287e+04 -5.276204e-19 8.700301e-19
1.869387e+04 8.553032e-19 8.697820e-19
1.870487e+04 5.085064e-19 8.695379e-19
1.871587e+04 -5.049329e-19 8.692977e-19
1.872687e+04 -1.767614e-18 8.690615e-19
1.873787e+04 -9.802430e-19 8.688293e-19
1.874887e+04 8.192398e-19 8.686013e-19
1.875987e+04 -3.570302e-20 8.683774e-19
1.877087e+04 -7.364273e-19 8.681577e-19
1.878187e+04 3.766096e-19 8.679423e-19
1.879287e+04 1.129092e-18 8.677311e-19
1.880387e+04 -9.902719e-19 8.675243e-19
1.881487e+04 1.428335e-18 8.673220e-19
1.882587e+04 -4.958930e-19 8.671240e-19
1.883687e+04 -7.761493e-19 8.669306e-19
1.884787e+04 -4.781855e-19 8.667417e-19
1.885887e+04 4.270742e-19 8.665574e-19
1.886987e+04 -8.758702e-19 8.663777e-19
1.888087e+04 6.838860e-19 8.662028e-19
1.889187e+04 -5.496029e-19 8.660326e-19
1.890287e+04 -4.059936e-20 8.658672e-19
1.891387e+04 -5.696965e-19 8.657067e-19
1.892487e+04 -1.597931e-19 8.655511e-19
1.893587e+04 -1.503443e-18 8.654004e-19
1.894687e+04 5.988017e-19 8.652548e-19
1.895787e+04 -1.312172e-18 8.651142e-19
1.896887e+04 1.326018e-18 8.649787e-19
1.897987e+04 -4.518327e-19 8.648484e-19
1.899087e+04 -2.422335e-19 8.647234e-19
1.900187e+04 -3.272811e-19 8.646036e-19
1.901287e+04 -6.659323e-20 8.644891e-19
1.902387e+04 1.201032e-19 8.643800e-19
1.903487e+04 -2.500747e-19 8.642764e-19
1.904587e+04 -8.216673e-19 8.641782e-19
1.905687e+04 1.457082e-18 8.640856e-19
1.906787e+04 8.068085e-19 8.639986e-19
1.907887e+04 -3.265142e-19 8.639172e-19
1.908987e+04 5.029337e-19 8.638416e-19
1.910087e+04 1.628436e-19 8.637717e-19
1.911187e+04 -9.339446e-19 8.637076e-19
1.912287e+04 1.419843e-18 8.636495e-19
1.913387e+04 2.948629e-19 8.635972e-19
1.914487e+04 -1.335932e-18 8.635510e-19
1.915587e+04 4.793332e-19 8.635108e-19
1.916687e+04 -1.117083e-19 8.634767e-19
1.917787e+04 -2.889058e-19 8.634487e-19
1.918887e+04 -5.910373e-19 8.634270e-19
1.919987e+04 -4.618812e-19 8.634116e-19
1.921087e+04 -5.081547e-19 8.634024e-19
1.922187e+04 -9.902899e-19 8.633997e-19
1.923287e+04 3.462107e-19 8.634034e-19
1.924387e+04 4.450325e-19 8.634136e-19
1.925487e+04 4.685695e-19 8.634304e-19
1.926587e+04 -5.748687e-19 8.634538e-19
1.927687e+04 5.862957e-19 8.634838e-19
1.928787e+04 1.296500e-19 8.635206e-19
1.929887e+04 1.033481e-18 8.635642e-19
