wavelengths obs_spec1d_cal
7399.453717019292 5.709941024196501e-06
7418.494777535185 9.368984075389014e-07
7437.535838051078 2.414739688837365e-07
7456.576898566971 1.1079399201031538e-07
7475.662148341001 7.590596587187356e-08
7495.2635346267625 6.502947205214689e-08
7515.089818680522 6.354682403293135e-08
7534.916102734282 6.666158710143941e-08
7554.742386788041 7.126546642505473e-08
7574.607321574298 7.539356087714466e-08
7595.014113437791 7.853456182146325e-08
7615.693169398211 8.112134523115028e-08
7636.37222535863 8.37000800236615e-08
7657.05128131905 8.652029324227756e-08
7677.806577418845 8.966048418963274e-08
7699.195216062936 9.31062867151888e-08
7720.756977603112 9.674359076432696e-08
7742.318739143288 1.0043446947211824e-07
7763.880500683463 1.0396353902375947e-07
7785.700256039616 1.0715069792759269e-07
7808.07731731911 1.0982840396412494e-07
7830.496065947738 1.1197561751504352e-07
7852.914814576368 1.135061283982503e-07
7875.388551915934 1.1457628023568728e-07
7898.457198094401 1.1520131198422579e-07
7921.766121931769 1.1548477759517076e-07
7945.075045769137 1.1539831710776358e-07
7968.383969606503 1.1504768223101304e-07
7992.138028187788 1.1450775745908058e-07
8016.334295426781 1.1384499826160665e-07
8040.530562665774 1.1273310874212427e-07
8064.726829904765 1.1038719853683718e-07
8089.28049658648 1.0599161108120946e-07
8114.379121155622 9.94758042232882e-08
8139.495738531177 9.159712753000063e-08
8164.612355906733 8.338697813733565e-08
8190.097465866838 7.587275705781966e-08
8216.116485721148 6.979467839047427e-08
8242.149161181153 6.578330563694863e-08
8268.182136780137 6.374794765202918e-08
8294.732201644769 6.318597043803515e-08
8321.712981674373 6.375028010279814e-08
8348.693761703975 6.541812403642445e-08
8375.74405469783 6.822942944738111e-08
8403.446967939168 7.240624188418632e-08
8431.370538874977 7.85495693432927e-08
8459.29410981079 8.711029880098409e-08
8487.515372246842 9.818818596085148e-08
8516.367144472051 1.111356870389556e-07
8545.264821412413 1.246304544593075e-07
8574.22381297507 1.3696048790116158e-07
8603.833035116331 1.4677957185016813e-07
8633.699215253528 1.5342153228018178e-07
8663.56539539072 1.5684427692977107e-07
8693.880638907096 1.5705518333635247e-07
8724.745347306864 1.5436044776548416e-07
8755.610055706631 1.4967923900753896e-07
8786.741503981717 1.4423958944266256e-07
8818.538734253032 1.3993876875539367e-07
8850.394749214665 1.38701711136441e-07
8882.426788849905 1.4123177679588363e-07
8915.19889240525 1.466142181047218e-07
8948.074950228238 1.53070309754746e-07
8981.10447238106 1.5863214773696217e-07
9014.86794365849 1.6170893244212055e-07
9048.755616214774 1.6146827534873656e-07
9082.82640764341 1.5821958581062392e-07
9117.651041418658 1.5325454014909112e-07
9152.577747879119 1.478420468589446e-07
9187.785384711335 1.426045524374979e-07
9223.681808428162 1.3743236152738013e-07
9259.637970641641 1.3179363465419435e-07
9296.0553944128 1.252950011770055e-07
9333.06352517142 1.1812350934571135e-07
9370.124027881357 1.1089322149255117e-07
9407.85143735416 1.0376502546364939e-07
9445.90788568817 9.720202646873526e-08
9484.167326652012 9.221954620286263e-08
9523.201251149138 9.006639411831463e-08
9562.327734288865 9.132903357506288e-08
9602.03175375799 9.506397812205228e-08
9642.214041056353 9.960427982601928e-08
9682.576687075782 1.0339888331562946e-07
9723.7226242154 1.0574223005701213e-07
9765.008890153666 1.0700652414840685e-07
9806.924923124894 1.086878381546683e-07
9849.253464488003 1.123172477570099e-07
9891.92671412842 1.1765594527039681e-07
9935.295662980767 1.2274145324163677e-07
9978.843034472824 1.257741805616488e-07
10023.168601482917 1.262804072550265e-07
10067.705813200993 1.249652970766736e-07
10112.934815267157 1.2286091279718204e-07
10158.515231439338 1.2026792392240582e-07
10204.664122411623 1.1654440049589995e-07
10251.319891211378 1.1122128809606452e-07
10298.413737682438 1.0513823285065006e-07
10346.145905696632 9.988551031379214e-08
10394.249702228464 9.59790155191638e-08
10443.0318765685 9.275178878111315e-08
10492.17680425153 8.958122711896427e-08
10542.036934013722 8.645109921006905e-08
10592.265012297641 8.315001033771731e-08
10643.19696340838 7.901649275038255e-08
10694.532513700105 7.430328328227735e-08
10746.560400566323 7.064024676411886e-08
10799.039545578345 6.94849704618499e-08
10852.156054489844 7.037986312784469e-08
10905.810274958105 7.159323225977952e-08
10960.0531436805 7.230813703376589e-08
11014.917056026556 7.328292649016175e-08
11070.266832419285 7.546918735540792e-08
11126.345598690425 7.917644597724149e-08
11182.855974894886 8.414281782199971e-08
11240.12464430107 8.935969918052576e-08
11297.871513677035 9.339905507257626e-08
11356.28986270053 9.534294180784826e-08
11415.32706714425 9.536727143713961e-08
11474.888632966053 9.363661859146828e-08
11535.205776642353 8.934375012689599e-08
11596.020854226206 8.262812405431111e-08
11657.511390718906 7.606854603365792e-08
11719.647500893207 7.255605336484069e-08
11782.331063584095 7.218809030493956e-08
11845.733907310969 7.29098678339257e-08
11909.713030884564 7.260401512127423e-08
11974.317309430979 7.066067836889068e-08
12039.622106281391 6.868050418582416e-08
12105.490297973265 6.9248832415106e-08
12172.00472318807 7.334934660306178e-08
12239.202868489312 7.892315397851119e-08
12306.977538736748 8.309308686422724e-08
12375.391746531897 8.485405775509914e-08
12444.48082291567 8.489892035218341e-08
12514.170993126272 8.377827286167418e-08
12584.47767693223 8.154035913899094e-08
12655.449603906294 7.870333443123397e-08
12727.043650058557 7.650722805157331e-08
12799.230452047952 7.608910726786463e-08
12872.039971673594 7.732405562065656e-08
12945.4962137187 7.899511413993387e-08
13019.554356129396 8.007388115890523e-08
13094.202571167854 8.020339111259957e-08
13169.469022884987 7.863142076924189e-08
13245.339312025206 7.390094676636289e-08
13321.805714835536 6.546353697854833e-08
13398.84698844645 5.5084980677544765e-08
13476.463329843966 4.652290389650403e-08
13554.679644914322 4.3171614348070945e-08
13633.451613206997 4.5846642008215537e-08
13712.773914766734 5.279374148985201e-08
13792.653347038016 6.079201921761071e-08
13873.074856991558 6.686083618933271e-08
13954.057629008972 6.985128849373023e-08
14035.68858624066 7.013115120425544e-08
14117.70852881941 6.862830133942584e-08
14200.068579907853 6.598676172258929e-08
14283.061262816702 6.291780827484738e-08
14366.566561125666 6.010564544659729e-08
14450.548114955205 5.773547049923294e-08
14534.992024640467 5.558565042916321e-08
14619.88888079841 5.335604613843454e-08
14705.235358515298 5.09661435463683e-08
14791.007294508643 4.849639349152465e-08
14877.204176360825 4.6142105790183425e-08
14963.814752590519 4.412735286181822e-08
15050.815082080091 4.2419860634037077e-08
15138.199527317001 4.087263829496722e-08
15225.958725854549 3.9533250637264385e-08
15314.074182559614 3.849991129357966e-08
15402.540483406337 3.771873376927274e-08
15491.332270501463 3.7011308719986785e-08
15580.45063185086 3.631874832843599e-08
15669.875512962732 3.560001114890707e-08
15759.6003806054 3.476344705062875e-08
15849.600718880436 3.378311941718535e-08
15939.870842709817 3.273475366679639e-08
16030.386086472561 3.168776083230068e-08
16121.144249356588 3.0521247357616816e-08
16212.149372539898 2.918029881449866e-08
16303.359767248929 2.771312362998564e-08
16394.77362012766 2.6337215557103554e-08
16486.3783650308 2.5319101726447923e-08
16578.162711146502 2.490642351647123e-08
16670.108780830793 2.5048249933570628e-08
16762.197103832517 2.5514333830172263e-08
16854.44390539675 2.6103981775066355e-08
16946.817519328408 2.675757515624501e-08
17039.29785261077 2.7439199365895356e-08
17131.88373357485 2.8061713060184773e-08
17224.56242437429 2.841635716842823e-08
17317.321574493937 2.8322634273353762e-08
17410.151670363197 2.7738455458993783e-08
17503.039999549914 2.6798517589081334e-08
17595.97498973465 2.573365739441015e-08
17688.944894373846 2.468409416452905e-08
17781.94068012721 2.3841600389782573e-08
17874.9513701492 2.3688698084195417e-08
17967.97383550043 2.5227987640588276e-08
18061.012555510184 3.007951882433933e-08
18153.99911159311 4.243068985829878e-08
18246.98197953983 7.814561121009785e-08
18339.97102276729 2.1754761723390545e-07
18432.952268280318 1.0518127595745806e-06
18525.924723513755 8.123924022498673e-06
18618.892333626092 inf
