wavelengths obs_spec1d_cal
7397.44437534897 0.09710450716254844
7416.4854358648645 0.014656216800215349
7435.526496380758 0.003844358128317623
7454.567556896651 0.0017427039153383988
7473.608617412544 0.0012192622437165246
7493.171330850423 0.0010904169902509803
7512.997614904183 0.0011507564861787628
7532.823898957942 0.0013403174372038677
7552.650183011702 0.0015192439220039179
7572.476467065462 0.0017544916157116127
7592.831919394056 0.0018734650262915596
7613.510975354476 0.001736766136144915
7634.190031314896 0.0015029393261555273
7654.869087275315 0.0012778347951178895
7675.548143235735 0.0013227696767672853
7696.91987294788 0.0012692239860738453
7718.481634488057 0.0012730928731354099
7740.043396028233 0.0014117366615494739
7761.605157568408 0.0013546937194086903
7783.292790493497 0.0013683493979189704
7805.711539122126 0.00156131454019727
7828.130287750755 0.001967921648245234
7850.549036379384 0.002413786852187918
7872.967785008013 0.0023323279598186997
7895.997482580254 0.0022976453599035957
7919.306406417621 0.0024376520108514202
7942.615330254989 0.0024330319146763386
7965.924254092357 0.002500263584066294
7989.584674187945 0.002649545036487559
8013.780941426937 0.002802403145227046
8037.9772086659295 0.002798698292609718
8062.173475904921 0.0028848191671100552
8086.612028200302 0.003142566391974872
8111.728645575857 0.003505191377290228
8136.845262951412 0.004151033485783178
8161.961880326968 0.0044949406264427755
8187.336666027866 0.004926348394791391
8213.36934148787 0.004978655152741512
8239.402016947875 0.004893075066466598
8265.434692407878 0.004993943888701119
8291.885006995815 0.004803243637710453
8318.865787025417 0.00425620982679741
8345.846567055021 0.004223110344476429
8372.827347084625 0.004433814959656614
8400.50028360829 0.004889605690796703
8428.4238545441 0.004765350276487081
8456.347425479911 0.0044117062685979005
8484.419988937614 0.003116574814758615
8513.317665877974 0.0021012876825985977
8542.215342818336 0.0021518184864096185
8571.113019758695 0.0021766329260436627
8600.681353505273 0.0026051615066554528
8630.54753364247 0.002774432052050078
8660.413713779664 0.002954187345643257
8690.623585830761 0.002991458414739614
8721.488294230528 0.003040705056877867
8752.353002630296 0.00336341225575364
8783.321056832558 0.0037081884102654
8815.17707179419 0.004126896980853417
8847.033086755826 0.004606737403479796
8878.88910171746 0.00486062226659324
8911.729588114951 0.0049301833629618735
8944.60564593794 0.005243210212302037
8977.481703760928 0.006003540141280387
9011.29188692989 0.006036102248501239
9045.179559486174 0.0066876725386967265
9079.067232042456 0.007345559937108512
9113.965338795135 0.008547521532862402
9148.892045255598 0.009109164392358168
9183.931308447622 0.009349178564274868
9219.8874706611 0.009390098443916995
9255.84363287458 0.008512834873548753
9292.146171478544 0.00662975501745805
9329.157806739673 0.006124704507704787
9366.169442000804 0.005791517051148406
9403.835463170468 0.006063142244264526
9441.891911504477 0.0059093332177341164
9479.948359838487 0.0064271077185850236
9519.072458214074 0.007183434686754787
9558.198007290852 0.00788906703686719
9597.79144664852 0.008385552841120372
9637.973733946883 0.00912964164246102
9678.156021245246 0.009627541554465284
9719.36838790542 0.009852889726620032
9760.630298860351 0.010086109411964219
9802.45812874998 0.009561442362841573
9844.78667011309 0.009774737450170283
9887.298021558963 0.010135893457597921
9930.714103914446 0.010240127912452646
9974.13018626993 0.010143886294146792
10018.473854368216 0.01076145882100238
10062.962537023961 0.011265726648052973
10108.124861037515 0.011465739630449926
10153.705277209694 0.012012484762965433
10199.740689689377 0.011889715705340257
10246.396458489133 0.011324746965986605
10293.358073792675 0.011235433190696996
10341.107104566268 0.010985096431894353
10389.055530566491 0.011034896051971207
10437.879627206512 0.011039942095427102
10486.853625497659 0.011551983412746812
10536.769475448007 0.012229357145729515
10586.828860406995 0.012441269853819551
10637.816411662352 0.013034916568524313
10688.99151024461 0.013268478425217382
10741.065229062506 0.013602864156110558
10793.408055787077 0.014232110226592709
10846.548332566186 0.014595085257879958
10900.088621363386 0.014858746462019217
10954.308545210688 0.015053143666794852
11009.083987889631 0.01486461287504979
11064.359705817087 0.014271000365837744
11120.400008154618 0.01345893271553757
11176.742018509154 0.01356939923022777
11234.068760496266 0.014163133478789142
11291.666748129172 0.014402600281939853
11350.109948343159 0.014409664515217824
11409.051996437362 0.014654243176762253
11468.516249250206 0.014856958731215753
11528.820807612015 0.015092692748083412
11589.482088217233 0.015375214356594941
11650.99723538111 0.01566185507177046
11713.048886370716 0.015629276864553038
11775.579127145409 0.015784869319223762
11839.030673814437 0.01568813981224077
11902.904975172869 0.015721594006291036
11967.419936822595 0.015958821296631592
12032.712160623214 0.016202958868793804
12098.46243990127 0.016207930945949564
12164.913956359353 0.01653307617425451
12232.091356729909 0.016783981451023722
12299.754284284169 0.016887237552283274
12368.086919015013 0.016973057267856435
12437.173534956517 0.016722503154407757
12506.767431349326 0.01648902281579598
12576.925568171062 0.016188728078889242
12647.928705866663 0.016330199460255573
12719.45386021075 0.01680974326344791
12791.511617000053 0.016950193110351407
12864.287156391796 0.016811800407109202
12937.72703586126 0.016723545021804617
13011.698720272005 0.016849021316507735
13086.20809698245 0.017199931164160947
13161.465623576112 0.017286217941293123
13237.314793425992 0.016811511654855574
13313.698993564984 0.016186723898699004
13390.622985961267 0.01505194951171507
13468.193118088902 0.01372939469568656
13546.392117412417 0.012460840996029936
13625.112161700545 0.012168070375471761
13704.353902878396 0.011800447808022344
13784.11893122857 0.01189767565179621
13864.527196106848 0.011611823268618895
13945.473073503555 0.01155011250918888
14027.042116748373 0.011132651784631832
14109.042829287575 0.010656739883007162
14191.273442258747 0.01011999225871352
14274.216850753794 0.009973922893008913
14357.709896306282 0.009900137229894582
14441.658856954164 0.01028529831252389
14526.059001869207 0.0103269979341425
14610.900620747232 0.010388118467080576
14696.173043992514 0.010071312610103984
14781.874141567376 0.010004643971411917
14868.052687511647 0.010353440880150291
14954.640522180736 0.010818244967471032
15041.610229316988 0.011099748402293046
15128.960885169643 0.01123326321992199
15216.677402165153 0.011721418993543856
15304.74366875804 0.011721544788260875
15393.158527693986 0.012094443330359837
15481.90062028118 0.011977775373030585
15571.00033706821 0.012099289586750186
15660.408673324566 0.012373038767651244
15750.109535355597 0.01265844473815037
15840.086170742845 0.012944680372456312
15930.332614703844 0.01331184798268754
16020.822804252513 0.013674154854100784
16111.549734323184 0.014016072375796166
16202.525715908005 0.014264688570938178
16293.706142524517 0.01464742771171641
16385.093814900156 0.014794781624605735
16476.679943451378 0.015086667581135013
16568.454659132203 0.015238979991604007
16660.39200112778 0.015314103506061261
16752.46552084054 0.015396001013133695
16844.699553864837 0.015580059881073235
16937.063098982064 0.01564510658157076
17029.53370434077 0.015387954513172306
17122.108203348605 0.014898857628471896
17214.777420412865 0.014276247720446415
17307.527016478267 0.013504004337737555
17400.34889066343 0.012847926376711352
17493.23088678834 0.012087030454297168
17586.161779371832 0.011556599965270278
17679.129017001203 0.010991029837530388
17772.124825646784 0.010713302977365176
17865.135027680182 0.010634644471766885
17958.155221909958 0.011202352877187877
18051.19883847431 0.013288930612475457
18144.187789058888 0.017834268133172054
18237.168861842118 0.03180291310998688
18330.158516783373 0.08100182039614907
18423.140685966555 0.33762540990040363
18516.114151627127 2.5535301759665043
18609.081761739464 inf
