wavelengths obs_spec1d_cal
7392.463351385967 1.559229720919749
7411.50441190186 0.26443908654101056
7430.545472417753 0.07604576245138914
7449.586532933647 0.03515049812835759
7468.627593449541 0.021928440618333312
7487.984897254109 0.0162737198079302
7507.811181307868 0.013580823892197433
7527.637465361628 0.012430855656727021
7547.463749415388 0.011923982273064303
7567.290033469148 0.011747896120342789
7587.422405927872 0.011724291674945389
7608.101461888292 0.011814554899453888
7628.780517848712 0.01187604942171494
7649.459573809131 0.011595129063752124
7670.138629769551 0.011663934881029436
7691.2794491476125 0.011652970305647327
7712.841210687789 0.011850381858156022
7734.402972227964 0.011948973566795558
7755.96473376814 0.012033463525089516
7777.526495308316 0.012109558453257906
7799.846932786436 0.012200134083882572
7822.265681415065 0.012160441155267626
7844.684430043694 0.012342689197759934
7867.103178672323 0.012494213282994535
7889.900011901619 0.01251209752131592
7913.208935738987 0.01251256932014913
7936.517859576355 0.01265060819453448
7959.826783413723 0.012826020418557342
7983.255079949637 0.012840779000874629
8007.4513471886285 0.01290173379281668
8031.647614427621 0.01297519701626868
8055.843881666613 0.013068052410775934
8080.041676044086 0.013149670109224802
8105.158293419641 0.013286775969735235
8130.274910795197 0.013360411319889229
8155.391528170751 0.013201411005433782
8180.526678728097 0.012977843994608813
8206.5593541881 0.01327787517007171
8232.592029648105 0.01348789982023682
8258.624705108108 0.013579693991469678
8284.827001389676 0.013532045177235604
8311.80778141928 0.013327021730102636
8338.788561448884 0.01332425904318688
8365.769341478488 0.013082599396350827
8393.195649717345 0.013158776364583489
8421.119220653156 0.013191150503626091
8449.042791588967 0.013380944202639938
8476.966362524778 0.013347323252617602
8505.758211865686 0.013232039776819735
8534.655888806048 0.013394473620039902
8563.553565746408 0.013764255091799776
8592.868545031577 0.013828988207303567
8622.734725168772 0.013762002165250106
8652.600905305966 0.013478732599934849
8682.549568523686 0.013705815682682147
8713.414276923453 0.014077919990450997
8744.278985323223 0.014109124043176399
8775.143693722992 0.014004336270744858
8806.843734806092 0.014007841812563227
8838.699749767728 0.014271250622629354
8870.55576472936 0.014386180807338068
8903.129414207164 0.014418597057869804
8936.00547203015 0.0144267464680085
8968.881529853139 0.014339175609009894
9002.427080848716 0.014408477431031373
9036.314753405 0.014628421111121035
9070.202425961284 0.014595578791961317
9104.828727854629 0.01475147748890696
9139.75543431509 0.014859444956506793
9174.682140775552 0.014893371330727675
9210.481560446515 0.014846238401110793
9246.437722659994 0.01481497739693028
9282.464156026108 0.014889487843470064
9319.475791287237 0.014968345512709083
9356.487426548369 0.014970979155931579
9393.88013106382 0.014992869812421688
9431.936579397829 0.015043881606950686
9469.99302773184 0.015153234547441729
9508.837455948602 0.015146560576928713
9547.963005025382 0.015107123641399217
9587.280008183503 0.015056492556403218
9627.462295481868 0.01495149609597919
9667.64458278023 0.014954981619077995
9708.574526552253 0.01498563729414043
9749.836437507183 0.015129455266409061
9791.385243462279 0.015318934714631242
9833.71378482539 0.015456583911133184
9876.0423261885 0.015393327351640174
9919.35672461239 0.015341955514661361
9962.772806967872 0.015330538864873662
10006.835889444688 0.015361523469825967
10051.324572100433 0.015419009658929894
10096.2013053612 0.015436335594284034
10141.78172153338 0.015478378243113135
10187.535828399747 0.0155307047927931
10234.191597199502 0.01552332909760636
10280.86722191523 0.015450757701147972
10328.616252688824 0.01542538743309146
10376.365283462417 0.015527715852421218
10425.107544730698 0.015600043067330475
10473.93164137072 0.015672407863971033
10523.711797041447 0.015712066161292358
10573.627646991796 0.015689227062550302
10624.478382805934 0.0156917956186089
10675.465934061293 0.015706410308633626
10727.443065472504 0.015712560016979644
10779.5167842904 0.0156642934597141
10832.64716399333 0.015736251752290258
10885.905023778041 0.015819721308816502
10940.124947625343 0.015807646185380782
10994.624201086313 0.015813163261575423
11049.89991901377 0.01586374535481167
11105.661285830538 0.015857055779432368
11162.003296185074 0.015848223595742957
11219.056628515706 0.01575398085408464
11276.443807464762 0.015786511874776622
11334.821567714489 0.015737113999638036
11393.496514747902 0.015744215466695174
11452.960767560744 0.015905289560005254
11512.992895309733 0.015927827062730226
11573.4985741072 0.015810895244341452
11634.905252381779 0.01583741334973653
11696.691361145104 0.015853414536683763
11759.221601919797 0.01570516691100407
11822.41380513102 0.015687720140169392
11886.028259210472 0.015768673924205872
11950.543220860198 0.015784693923682782
12015.58286628029 0.015932148299528714
12081.079133147985 0.016054168858235282
12147.530649606068 0.016163684342899207
12214.462393467968 0.01618016403912285
12281.87888859571 0.016165072012103404
12350.211523326552 0.016133990018544313
12419.059255555101 0.016101734853193318
12488.414495575762 0.016081932342154475
12558.572632397498 0.016092661124461793
12629.344592540094 0.0160733984094684
12700.639277472284 0.01603498041124434
12772.562161434551 0.015937627263385358
12845.249524253177 0.01591844230148012
12918.467762213404 0.015959881702377745
12992.225123009646 0.015922585695715284
13066.66723505102 0.015737078257776715
13141.778718897325 0.015800167161577734
13217.422547112366 0.015895415106925385
13293.60297231263 0.015855750281459777
13370.424437063028 0.015913009537135002
13447.901250069335 0.01593049409557956
13525.90620651786 0.015901529463839287
13604.4392177182 0.015892608243975377
13683.496948421915 0.015926385372278452
13763.227247840843 0.015854106788851356
13843.4928900687 0.015698728822299484
13924.26462061142 0.015588566198522395
14005.608095659472 0.015568868228957308
14087.561138213414 0.015526381458826738
14169.679630869725 0.015440239399169716
14252.519366785284 0.015388870478076976
14335.857854261394 0.015464543089153907
14419.658841947428 0.015455377938902008
14503.914634316925 0.015409322887675707
14588.619323662755 0.01536911737492921
14673.794486301858 0.015361801973090746
14759.447425714965 0.015317880658181982
14845.508911544604 0.015206534827678257
14931.97244660437 0.015182004226048243
15018.82528989413 0.015180944516546635
15106.058907571052 0.015517743270686325
15193.669619871016 0.015621699970517215
15281.629436332341 0.015656721297520788
15369.988677658042 0.015703597796393288
15458.680480528752 0.015744010206262555
15547.692400829965 0.0156408642941898
15637.010933365014 0.015509092945946852
15726.625424897275 0.015427721807594682
15816.522272103877 0.015619520438008893
15906.689681202892 0.015698759101418533
15997.116065569584 0.015667180114732834
16087.765571579395 0.015486085750090214
16178.6857690103 0.015518056919870089
16269.828423415189 0.015669162028882317
16361.178733300994 0.01556512512269086
16452.72157723477 0.015479563918353414
16544.44510405659 0.015344822461861685
16636.33590521457 0.015029366361082182
16728.371588470873 0.014890852351065076
16820.557234650587 0.014878251097865683
16912.889339598998 0.014729003126445938
17005.330095086647 0.014420159907588085
17097.875316016805 0.014221803658846534
17190.521048323517 0.014159725870713492
17283.24923523087 0.013965329593221033
17376.056398046556 0.013780644172287557
17468.927851860077 0.01354921660586415
17561.849726160017 0.013163650918679444
17654.80936117008 0.012573447706909128
17747.797625130115 0.01175328231722337
17840.8037908166 0.010850694450414491
17933.821280764176 0.01012852832071009
18026.857454563946 0.010004762271770998
18119.869647186497 0.01143018205484793
18212.8423701642 0.01709088420215067
18305.833826338603 0.040023059142279105
18398.818427914735 0.16633725662883994
18491.794398356753 1.2206954379258725
18584.76200846909 12.317002172070525
