wavelengths obs_spec1d_cal
7392.463351385967 1.4986929879699267
7411.50441190186 0.254191240770981
7430.545472417753 0.07309968749205496
7449.586532933647 0.033748825108540145
7468.627593449541 0.021049819534856195
7487.984897254109 0.015673194447588433
7507.811181307868 0.013088414762923167
7527.637465361628 0.01194527733183846
7547.463749415388 0.011465427169681762
7567.290033469148 0.01128700458194556
7587.422405927872 0.011274246212478859
7608.101461888292 0.01136736981658599
7628.780517848712 0.011377077722746756
7649.459573809131 0.011137397654656604
7670.138629769551 0.01114572400649535
7691.2794491476125 0.01116256456395849
7712.841210687789 0.011353023798501206
7734.402972227964 0.011406797359128815
7755.96473376814 0.0115010296623453
7777.526495308316 0.01161946618356047
7799.846932786436 0.011732311756155089
7822.265681415065 0.011721001764183656
7844.684430043694 0.011882140924321891
7867.103178672323 0.012038392523508605
7889.900011901619 0.01206224471099768
7913.208935738987 0.012086816758095914
7936.517859576355 0.012253338790825517
7959.826783413723 0.012425044808212025
7983.255079949637 0.012479372360220774
8007.4513471886285 0.012568968893779602
8031.647614427621 0.012634193868661991
8055.843881666613 0.012722285917769499
8080.041676044086 0.01284414289391183
8105.158293419641 0.012975119291441345
8130.274910795197 0.013052488848104855
8155.391528170751 0.01293197501292109
8180.526678728097 0.012739309918292351
8206.5593541881 0.01300928683078651
8232.592029648105 0.01320681170057792
8258.624705108108 0.013277535773225869
8284.827001389676 0.01322698007187191
8311.80778141928 0.013080780930780947
8338.788561448884 0.013070639135906604
8365.769341478488 0.012838338495142591
8393.195649717345 0.012896267104022615
8421.119220653156 0.01289314008035104
8449.042791588967 0.013054761189577027
8476.966362524778 0.013022901850531048
8505.758211865686 0.012942461443984449
8534.655888806048 0.013121632209905287
8563.553565746408 0.013501482689354043
8592.868545031577 0.013592208163988128
8622.734725168772 0.013535213868911156
8652.600905305966 0.013281161190108833
8682.549568523686 0.013530320728389111
8713.414276923453 0.013878715768514481
8744.278985323223 0.013936467691434674
8775.143693722992 0.013864565375803516
8806.843734806092 0.013865415402689292
8838.699749767728 0.014095275285975642
8870.55576472936 0.01418147511876469
8903.129414207164 0.014236510135722405
8936.00547203015 0.014256323928226417
8968.881529853139 0.014235377311790398
9002.427080848716 0.014307758092465211
9036.314753405 0.0144975222120532
9070.202425961284 0.014506559005592293
9104.828727854629 0.014641055701669712
9139.75543431509 0.014746655645561517
9174.682140775552 0.01479746268153798
9210.481560446515 0.014775770682678832
9246.437722659994 0.014755464809013909
9282.464156026108 0.014801062722296325
9319.475791287237 0.01488248466614843
9356.487426548369 0.014898996977582762
9393.88013106382 0.014937686779807679
9431.936579397829 0.014996294541740948
9469.99302773184 0.015089214205663282
9508.837455948602 0.015096056451893072
9547.963005025382 0.015081405196579216
9587.280008183503 0.015039973895340317
9627.462295481868 0.014924585715674043
9667.64458278023 0.01492298489782971
9708.574526552253 0.014973217587829964
9749.836437507183 0.015095991598016568
9791.385243462279 0.015293348994371736
9833.71378482539 0.015426662364552984
9876.0423261885 0.015346738844771245
9919.35672461239 0.015322065090132234
9962.772806967872 0.015336597349814999
10006.835889444688 0.015384774518808188
10051.324572100433 0.015457713706704438
10096.2013053612 0.015503507479889439
10141.78172153338 0.015535711343487663
10187.535828399747 0.01557910113242856
10234.191597199502 0.015567611483556919
10280.86722191523 0.01552124967506725
10328.616252688824 0.0155066894476471
10376.365283462417 0.015595595594716625
10425.107544730698 0.01567961961082438
10473.93164137072 0.015739378338725626
10523.711797041447 0.01577709930165842
10573.627646991796 0.015795453179876955
10624.478382805934 0.015832951766014722
10675.465934061293 0.015849948817429915
10727.443065472504 0.015844169415055356
10779.5167842904 0.015825374876811408
10832.64716399333 0.01590220536017426
10885.905023778041 0.015973491669663466
10940.124947625343 0.015989127313764073
10994.624201086313 0.016007215297058702
11049.89991901377 0.016036630559662497
11105.661285830538 0.016035779987171983
11162.003296185074 0.016031003853658393
11219.056628515706 0.015955513181410665
11276.443807464762 0.01598357988793763
11334.821567714489 0.015938239302839843
11393.496514747902 0.01593505725762064
11452.960767560744 0.016084174591258292
11512.992895309733 0.01610885220766956
11573.4985741072 0.016016324581697498
11634.905252381779 0.01603707430742872
11696.691361145104 0.016049711919067327
11759.221601919797 0.015919699675304006
11822.41380513102 0.01590056313369108
11886.028259210472 0.01597066366881296
11950.543220860198 0.016015620163768948
12015.58286628029 0.01616565494756807
12081.079133147985 0.016269763574797855
12147.530649606068 0.01635689382043264
12214.462393467968 0.016371009150740676
12281.87888859571 0.016362086166344044
12350.211523326552 0.016336953491470626
12419.059255555101 0.01630770764168804
12488.414495575762 0.016288562807715463
12558.572632397498 0.016294202849419702
12629.344592540094 0.016277932071979397
12700.639277472284 0.01624778640566611
12772.562161434551 0.01616539031718718
12845.249524253177 0.016135253700663838
12918.467762213404 0.01616311883804754
12992.225123009646 0.016130512142858308
13066.66723505102 0.015962812898438976
13141.778718897325 0.016002270471740816
13217.422547112366 0.016066470910657923
13293.60297231263 0.015999449172370867
13370.424437063028 0.016012971786031876
13447.901250069335 0.016012832840620668
13525.90620651786 0.015977259071729498
13604.4392177182 0.01596155112875851
13683.496948421915 0.015987990452084766
13763.227247840843 0.015902051367283388
13843.4928900687 0.01572302188909359
13924.26462061142 0.01557361302860534
14005.608095659472 0.01555424175555744
14087.561138213414 0.015529708700352243
14169.679630869725 0.015460460489311918
14252.519366785284 0.015413690481356254
14335.857854261394 0.015454141560846927
14419.658841947428 0.015438902824710244
14503.914634316925 0.015363882532023698
14588.619323662755 0.015281066001020098
14673.794486301858 0.015274948571380696
14759.447425714965 0.015261525795705362
14845.508911544604 0.015184675082961174
14931.97244660437 0.015161603310151437
15018.82528989413 0.015150204680003668
15106.058907571052 0.015423655972458858
15193.669619871016 0.015507534946971078
15281.629436332341 0.01550736837004792
15369.988677658042 0.015515452067489484
15458.680480528752 0.015540615929088324
15547.692400829965 0.015479964032189264
15637.010933365014 0.015413737823552327
15726.625424897275 0.015375598010729841
15816.522272103877 0.015558901314533398
15906.689681202892 0.015607221816718708
15997.116065569584 0.015535214805703449
16087.765571579395 0.01534928227338047
16178.6857690103 0.015352612350035334
16269.828423415189 0.015483439177022492
16361.178733300994 0.015420139592835655
16452.72157723477 0.015343801737721804
16544.44510405659 0.015208251363536925
16636.33590521457 0.014924375937223028
16728.371588470873 0.014787647854159864
16820.557234650587 0.014758688242185103
16912.889339598998 0.014614818546197424
17005.330095086647 0.01432538113532218
17097.875316016805 0.014113258119443342
17190.521048323517 0.014039300270996796
17283.24923523087 0.013850936420460987
17376.056398046556 0.01363675342300883
17468.927851860077 0.013364742176870836
17561.849726160017 0.012980730096766195
17654.80936117008 0.012405591018893252
17747.797625130115 0.011585320820037947
17840.8037908166 0.010679768465172344
17933.821280764176 0.009969087805085002
18026.857454563946 0.009854794695868906
18119.869647186497 0.011267776609795334
18212.8423701642 0.016853507956433207
18305.833826338603 0.03949746572064075
18398.818427914735 0.1642129859575057
18491.794398356753 1.2055412821979907
18584.76200846909 12.166655221092945
