wavelengths obs_spec1d_cal
7401.86613231046 0.9463073962513515
7420.907192826353 0.17655881485801395
7439.948253342246 0.057265180977200625
7458.989313858139 0.029800517680794517
7478.030374374033 0.022503722384097605
7497.775434149291 0.020371651748283745
7517.601718203051 0.020758487073745613
7537.428002256811 0.022273695872216052
7557.254286310571 0.02381345241921484
7577.080570364329 0.0248100064651401
7597.634055261105 0.025312033870374534
7618.313111221524 0.02553093466893088
7638.992167181943 0.02565379776983624
7659.6712231423635 0.025726447571568542
7680.365231106351 0.025781124796972036
7701.926992646527 0.025830589735274096
7723.488754186703 0.025861778878147335
7745.050515726878 0.02589604519878888
7766.612277267054 0.025934367345360428
7788.4989216191125 0.025971427933135383
7810.917670247741 0.025992847561896557
7833.33641887637 0.02601402262735716
7855.755167504999 0.026024269181175234
7878.173916133628 0.026047723072866014
7901.410332151141 0.02605467246811536
7924.719255988509 0.026063123637611863
7948.028179825877 0.026044631515232425
7971.337103663243 0.026057099634111833
7995.203584595626 0.026076409803495387
8019.399851834619 0.026070233363646122
8043.596119073612 0.026055528467650267
8067.792386312604 0.02605864850612434
8092.4446643413785 0.026050397014405355
8117.561281716933 0.02604293223828829
8142.677899092488 0.02603899873786191
8167.794516468043 0.026023809479091047
8193.382031192552 0.026023838152076158
8219.414706652557 0.0259964967244185
8245.447382112561 0.025991971094378983
8271.480057572566 0.026000828325628784
8298.15054308939 0.026006717368368536
8325.131323118994 0.025991538854997304
8352.112103148598 0.025972084968396147
8379.092883178202 0.025960132634643925
8406.984756680155 0.025930612282920103
8434.908327615965 0.02589762477382601
8462.831898551774 0.025780011792062157
8491.130671048793 0.025040336608394075
8520.028347989155 0.02302676933943575
8548.926024929515 0.02348587823366082
8577.823701869875 0.025429758539595296
8607.616943559437 0.025714658215805947
8637.483123696631 0.025760570387089895
8667.349303833826 0.025730982509735757
8697.791056314722 0.02571481336192001
8728.655764714491 0.025736270780530677
8759.520473114258 0.025727563619244123
8790.718730707094 0.02571259626565984
8822.57474566873 0.02569885312152638
8854.430760630361 0.025675328011984386
8886.48808076376 0.025650945074200654
8919.364138586747 0.02563060620272034
8952.240196409737 0.025614960734874865
8985.273684244223 0.02559652784524434
9019.161356800505 0.02556053435218347
9053.04902935679 0.025534660788965154
9087.14938894429 0.025505620606470103
9122.076095404753 0.02547623432871202
9157.002801865216 0.025448636358288604
9192.28112753691 0.025414253339571733
9228.237289750388 0.02538084285175067
9264.193451963865 0.02534115019533435
9300.741094840896 0.025319762809844437
9337.752730102025 0.025287614689624923
9374.764365363155 0.025270180699813908
9412.673015323091 0.02522612579480417
9450.7294636571 0.02519162287843421
9489.03273021632 0.025158996161746564
9528.158279293099 0.0251054384742252
9567.283828369878 0.025049158984262323
9607.122665802084 0.025002071586301692
9647.304953100447 0.024974250396851114
9687.688408684651 0.024924004350933296
9728.950319639582 0.024875409842387338
9770.21223059451 0.024819793044795133
9812.287755744012 0.024769173613439176
9854.61629710712 0.02471763247771168
9897.380199714727 0.024672535164287232
9940.79628207021 0.024611573356591646
9984.316431469579 0.024550488773224848
10028.805114125324 0.024485080536775516
10073.293796781069 0.02441213000767018
10118.709645553517 0.024350176747148677
10164.290061725696 0.024290412928252368
10210.575194958228 0.024228344309342686
10257.230963757982 0.024165300313819894
10304.446458762159 0.02410383265498007
10352.195489535752 0.02404601772326195
10400.393569696518 0.02397603345815249
10449.21766633654 0.023909273749847734
10498.445193983162 0.023841418429096605
10548.36104393351 0.023765839421907076
10598.669301727186 0.02368682851325695
10649.656852982544 0.023596089617003206
10701.084183785635 0.023474560192139206
10753.157902603534 0.023341439668505007
10805.748407764182 0.023272835371967202
10858.88868454329 0.02325440653381937
10912.679691357785 0.023228300140842244
10966.899615205086 0.023147489416620835
11021.920236707967 0.023068407357552702
11077.195954635426 0.023001223848552427
11133.48387374611 0.022919847271116095
11190.00815848899 0.02284469243271975
11247.395337438049 0.022764302120693563
11305.23855665224 0.02267532485058167
11363.681756866228 0.022581889382927656
11422.860916041154 0.02248672404427443
11482.365890651527 0.022384848651132463
11542.871569448995 0.022305831441833585
11603.767271018993 0.022241221220198736
11665.28241818287 0.02214852382797473
11727.569796443886 0.02204644296775226
11790.260170156787 0.021908090739914062
11853.781808385313 0.021789769398828096
11917.886781493833 0.02177078553372271
11982.437687837715 0.021749533736831556
12047.918185944269 0.021669056794732106
12113.893957240063 0.02164737294149583
12180.350355845354 0.021651917098272876
12247.740948381404 0.021576065765294264
12315.62263904654 0.021471196974495184
12384.008131375738 0.021385015698731746
12453.253951682173 0.021311786975711736
12523.059708223172 0.021233510478138276
12593.38433988318 0.021142254735900597
12664.426203787814 0.021054052833593052
12736.155950547842 0.020966504104283534
12808.41171285674 0.02087671783873218
12881.201074575663 0.02078168165100668
12954.823887423943 0.020689314806961
13028.985831295686 0.020605700189444538
13103.684565367295 0.020517715649517473
13178.94209196096 0.020426700107789637
13254.973547784579 0.020333358370596084
13331.5386431091 0.020230343153891862
13408.63649269072 0.0201413413270273
13486.26597624537 0.020045514029186657
13564.577879975148 0.019962874999762584
13643.463957364922 0.01986717267640403
13722.869048408395 0.019767124990255285
13802.791515388997 0.01966535793741332
13883.226271831389 0.01953849615689969
13964.300251392026 0.01938640474924878
14046.069536143761 0.01922598254791303
14128.112566304948 0.019103345100909636
14210.53474304693 0.01900421911760437
14293.574160700386 0.018907530738718023
14377.108401463536 0.018830561841771128
14461.188720739487 0.01875839438160963
14545.717010364919 0.018668618382919076
14630.680184392388 0.01859331459723185
14716.072276602094 0.018515340147075544
14801.886713091006 0.01843776987533618
14888.109728451076 0.018349271809420115
14974.763437012673 0.01824547241495042
15061.836886578314 0.018128943165312827
15149.291439615994 0.018040702431852178
15237.101881606157 0.018012318675706993
15325.262646160463 0.017956116782312202
15413.764601510908 0.017880073023714967
15502.591552524205 0.01779111076962077
15591.73631489057 0.017711802711903868
15681.183679538512 0.017643164854925474
15770.956861061068 0.01754591517325419
15861.004326049982 0.01743337937339216
15951.320930876254 0.017300540710546018
16041.867761591413 0.01718431509844802
16132.663422586214 0.01706652694685272
16223.69182129667 0.01691652227106009
16314.925674696662 0.016759398648875705
16406.36214715293 0.016584145705958262
16497.986623550834 0.01638627150543999
16589.78736820467 0.016205971261619725
16681.749837931224 0.01601599381048628
16773.854197943183 0.015799518252710282
16866.13118496017 0.01556345232327027
16958.522640159008 0.015368421881520116
17051.01974385945 0.015193755546159454
17143.620233616326 0.014991543193756448
17236.31029858072 0.01475889136122312
17329.078899994092 0.01451135514868224
17421.91636653323 0.014204604842763358
17514.810903990972 0.013967218025583043
17607.75083581304 0.013766667609984537
17700.72450080924 0.013465423627390706
17793.72285616589 0.013266936526655806
17886.735113328377 0.013600309955834614
17979.75695971748 0.015148302208500566
18072.807183376353 0.01904940557004405
18165.77550152793 0.028171384946106954
18258.76398660449 0.052777132879312655
18351.7520425542 0.1425203549890116
18444.732052452357 0.6404254271841494
18537.703294567145 4.912767071461232
18630.670904679482 inf
