wavelengths_angstrom spec1d_cal_photlam spec1d_cal_opt_photlam
7375.264746156195 inf 
7394.651332512623 0.0007233666295139075 -0.0001518187611140569
7414.037918869052 -6.739694176280403e-05 -7.86945582753598e-05
7433.424505225481 -3.6491550200855144e-06 -5.9298787319617735e-06
7452.811091581911 2.0590322059447275e-07 -7.473423973732979e-07
7472.197677938339 -4.2398288386984465e-08 -1.51833070115915e-07
7491.584264294767 -2.3344232893150228e-07 -1.7870841946064296e-07
7510.970850651197 4.924370173982527e-08 -1.6906889688055426e-09
7530.357437007626 -5.5680488504388906e-08 1.5517634576592516e-08
7549.7440233640555 1.0681736538686999e-07 4.469667662842846e-08
7569.130609720483 2.070988809137534e-08 5.7227806394344115e-08
7590.041079412277 3.569460836253674e-08 7.609354314617581e-08
7611.023096078751 4.193495325436838e-09 3.682761183553828e-08
7632.005112745224 -2.823234410210479e-08 1.4473368592608226e-08
7652.987129411699 6.268765007349451e-08 5.721911585899986e-08
7673.969146078172 1.3415918779793957e-07 1.0019820101134408e-07
7694.951162744646 1.0813063649953893e-07 7.50547361217059e-08
7715.93317941112 -4.633678922725556e-08 3.420442728713451e-08
7736.915196077594 -1.818904626256827e-08 4.1473850084241916e-08
7757.8972127440675 -4.1680963212578204e-08 7.223806744854605e-08
7780.367684090813 1.9747938380231528e-07 1.3666962191692637e-07
7803.003940992924 1.1466109642293033e-08 7.053997727198909e-08
7825.640197895034 -2.9004234673342365e-09 -3.8619932555686286e-08
7848.276454797145 1.0784005733872396e-07 7.412034256493429e-08
7870.912711699255 1.7226492766410855e-07 8.651694072629962e-08
7893.548968601367 -3.7457563657083056e-08 -1.3351810098606518e-09
7916.185225503477 7.028064572139983e-08 9.61641738379833e-08
7938.821482405588 -7.394474450457538e-09 3.5268085047169e-08
7962.315382727326 9.512910329445193e-08 1.4978799007305787e-07
7986.646025952579 1.1303993402639059e-07 1.2248292324719268e-07
8010.976669177832 1.8701169473679437e-07 1.2150992958587915e-07
8035.307312403086 1.5594335077045136e-08 8.505378344977939e-08
8059.637955628339 1.199364488793118e-07 1.5387077208626738e-07
8083.968598853594 1.329484829332387e-07 1.0211800847566732e-07
8108.299242078847 1.4849486541157923e-07 1.250695962094061e-07
8132.6298853041 7.239563646612466e-08 1.307416520981528e-07
8158.178344877485 1.3906476743239556e-07 1.3842711787051013e-07
8184.25600058699 -4.687282115648692e-08 7.763681338447572e-08
8210.333656296496 1.9703119269117157e-07 1.2537175283830797e-07
8236.411312006001 4.718096099818658e-09 4.928435707699982e-08
8262.488967715506 1.1855319188304865e-07 3.696399223226472e-08
8288.566623425011 8.730770753348507e-08 1.0863260080655628e-07
8314.644279134516 4.7897419578167914e-08 7.843863138702026e-08
8341.460520288214 5.283970077585575e-08 5.2563482810791935e-08
8369.334547380864 -6.103128690223839e-09 5.5328766177996685e-08
8397.208574473514 1.1375850888034871e-07 4.155076577294614e-08
8425.082601566164 1.0416496706843537e-07 2.1722487498748505e-08
8452.956628658814 1.773095292374813e-07 1.0063710915484518e-07
8480.830655751464 -2.9415668200555134e-08 -6.71263330409942e-10
8508.704682844114 9.867164159746453e-08 2.6566654619324972e-08
8537.674758941275 9.453662859487261e-08 8.39899651503655e-08
8567.391589229299 4.1961589730099354e-08 8.939926362652947e-08
8597.10841951732 7.510250076619531e-09 2.397301276658923e-08
8626.825249805343 1.0289202381849794e-07 5.733127085395711e-08
8656.542080093364 4.4578594246365854e-08 3.1048602176898326e-08
8686.258910381386 3.024469229673307e-08 5.945605154767791e-08
8716.355005610698 8.778136375220646e-08 9.365906120837817e-08
8747.957886937078 7.780185934467626e-08 8.222952772919182e-08
8779.560768263458 1.2411424703790427e-07 1.1792475425346554e-07
8811.163649589838 1.320551379496303e-07 7.845677774144114e-08
8842.766530916218 1.4060137198867065e-07 1.2087125219828047e-07
8874.369412242599 8.344830231501398e-08 1.0503967637222427e-07
8906.335948027827 2.254680294789846e-07 2.4289227359429236e-07
8939.863136753707 1.2144850963822978e-07 1.1476153484420473e-07
8973.390325479586 1.2624900241848784e-07 1.505841569221305e-07
9006.917514205466 1.1353780751073926e-07 1.4192542234067662e-07
9040.444702931345 1.1782571296990083e-07 1.4125208503924732e-07
9073.971891657226 1.5050100843039158e-07 1.6599306206592082e-07
9108.52159441144 1.0157470788350137e-07 1.1193925265344973e-07
9144.007858703142 7.327910488701125e-08 1.0507012525192372e-07
9179.494122994844 1.0340043697602697e-07 1.2844617201058542e-07
9214.980387286545 1.0807563688585638e-07 1.2262440925908483e-07
9250.466651578245 1.1758922683662047e-07 1.1136966746695436e-07
9286.286474414128 1.3457781940113832e-07 1.2301611759650548e-07
9323.76113345459 1.3516721273066114e-07 1.9051807031147908e-07
9361.235792495056 1.4118996558187814e-07 1.5923362011137242e-07
9398.71045153552 1.831054688343074e-07 1.9282554780723747e-07
9436.185110575983 5.9036427764130736e-08 1.104148974193351e-07
9473.856382538965 1.1455856090530773e-07 1.3370096415822887e-07
9513.344283670194 9.017870641259803e-08 1.3757858184935258e-07
9552.832184801422 1.2916801958376828e-07 1.0629463568646963e-07
9592.32008593265 1.4357597420697562e-07 1.0428525491188795e-07
9631.80798706388 1.0668866534343636e-07 1.489067386228588e-07
9671.877343476774 5.3347154394739374e-08 9.758432920717936e-08
9713.397882349991 1.20349329035107e-07 9.806461316147394e-08
9754.91842122321 4.1481719293173145e-08 2.441558512744477e-08
9796.43896009643 4.138773423270841e-08 7.597567739640582e-08
9837.959498969647 2.1542725126168603e-08 6.739248955323711e-08
9880.934137118305 8.357874007847298e-08 1.0083476742403034e-07
9924.502671513554 7.19537011702446e-08 1.106603088157293e-07
9968.0712059088 6.371021039649468e-08 1.0454885517745968e-07
10011.639740304048 7.77962798123274e-08 1.0720084908210624e-07
10055.926193439387 7.175478346935036e-08 8.591299248896653e-08
10101.551415259022 1.3775641506896246e-07 1.1827858680547024e-07
10147.176637078655 6.655097426044358e-08 9.20085139038361e-08
10192.80185889829 1.1444787424185882e-07 1.3547206317193877e-07
10238.807622078293 6.058250656101384e-08 9.946548010045839e-08
10286.493140287574 1.0835091418403082e-07 1.2311241426626207e-07
10334.178658496854 9.475761627136533e-08 1.2681804700638608e-07
10381.864176706136 7.374956067988229e-08 9.993059748763326e-08
10429.961948498436 8.781642650191242e-08 1.2275674176918684e-07
10479.70601684089 9.885908583582219e-08 1.1404095430759002e-07
10529.450085183345 6.653507485251932e-08 9.491410724326056e-08
10579.194153525801 1.1602979120654017e-07 8.32624642015708e-08
10629.719419891067 7.304511410589112e-08 8.84119585326174e-08
10681.515421519862 9.636833154542326e-08 7.148749612745904e-08
10733.31142314866 8.793425826995133e-08 9.629108883357584e-08
10785.107424777458 9.762595806424215e-08 1.1499888517434809e-07
10838.356777964766 2.215034860978718e-08 7.943901866029605e-08
10892.192638951425 7.379210739340703e-08 7.325624241533875e-08
10946.028499938082 4.549476398705809e-08 5.7860505178601485e-08
11000.234914848654 4.852523266887932e-08 5.616531553984863e-08
11056.093115618723 7.769507058261795e-08 8.719812412582652e-08
11111.951316388791 8.600576774243965e-08 6.377100671552452e-08
11167.80951715886 7.06548485498543e-08 6.234759141327567e-08
11225.230527355594 7.493756768764726e-08 7.094500631544105e-08
11283.087818686387 4.8386061039081674e-08 4.2517638704562457e-08
11340.94511001718 8.22515981339602e-08 9.497567964291187e-08
11399.783897396073 4.080788703430073e-08 4.370254578612061e-08
11459.61278484863 6.368273055084359e-08 6.025796473507234e-08
11519.441672301184 1.0549090305344348e-07 1.0888056265022738e-07
11579.8949385005 9.255380878679321e-08 1.0047530729818898e-07
11641.6623210588 5.025833891978211e-08 7.242015506848456e-08
11703.429703617103 7.478558929113196e-08 1.0678111675330976e-07
11765.664859646677 6.428743301359396e-08 8.390099740643782e-08
11829.333471336487 5.0803974119289954e-08 6.258575776761582e-08
11893.002083026297 1.0242004170761739e-07 9.617463022274568e-08
11957.157773974288 6.425032267688684e-08 7.279523202396574e-08
12022.686635682432 8.110816370735475e-08 7.411276184453389e-08
12088.215497390576 7.029237204709447e-08 8.32664733591588e-08
12154.401680311796 4.499966372544958e-08 6.971353959573626e-08
12221.74459438877 5.143808844004029e-08 4.571199104629717e-08
12289.087508465744 5.493037417271006e-08 6.568553765209412e-08
12357.384953827865 8.48530006484469e-08 7.16566608597484e-08
12426.492352471107 5.954701943306225e-08 7.24540240574738e-08
12495.599751114352 5.460216166783207e-08 7.978692777456946e-08
12566.062297682276 6.734381301976367e-08 7.155861488664828e-08
12636.881552056744 2.8042949070370024e-08 5.4127074509434396e-08
12707.880874007096 6.812966529954251e-08 9.777667027340467e-08
12780.356091503741 6.641688539992065e-08 7.687711054320867e-08
12852.831309000385 4.9571338963435864e-08 6.052218521820073e-08
12926.084497963413 4.136149469634675e-08 6.70909306953272e-08
13000.156690773874 7.624994062807778e-08 6.041910759562684e-08
13074.228883584336 9.04956050467948e-08 9.226365344062537e-08
13149.717459383895 5.206252402842043e-08 8.008739818386163e-08
13225.325712815942 4.536843626694708e-08 5.7670747900091603e-08
13301.53657644112 6.081043015578483e-08 8.409392179476054e-08
13378.617719053873 6.711620756649041e-08 8.84926572985925e-08
13455.698861666624 5.441052915230899e-08 8.682625619852152e-08
13534.10845975663 5.75272347502091e-08 5.976494369560001e-08
13612.596566646325 4.982202307179049e-08 6.98012378705923e-08
13691.786477117606 4.2766340349248304e-08 6.140573524154445e-08
13771.61530865682 7.8435302376287e-08 8.638422304035947e-08
13851.626698862803 4.093962006151348e-08 5.873377557292556e-08
13932.728972076646 3.078053893422115e-08 3.718860991938302e-08
14013.831245290487 3.5582156339041756e-08 3.473285430582453e-08
14095.898166721172 5.915698034818925e-08 8.312804962735847e-08
14178.205290142423 3.3543561353772656e-08 4.7411774673863204e-08
14261.071659885849 5.866924863922805e-08 6.829145523198016e-08
14344.514977179862 5.2905545907490984e-08 7.28519282964141e-08
14428.188044512948 9.336396345649427e-08 9.041327117697011e-08
14512.698896668711 4.642847778766846e-08 7.248616118483768e-08
14597.209748824473 4.5582684871376896e-08 5.891687715752106e-08
14682.686418218464 3.605865593041509e-08 5.664472428519043e-08
14768.196064275035 4.5772906942290245e-08 6.147376094379144e-08
14854.398276506652 5.303852747782477e-08 5.915087741134973e-08
14940.837526647232 4.442900139304329e-08 6.923356336416155e-08
15027.748437963794 3.918578519299953e-08 4.988791605798848e-08
15115.050057350807 3.511880616642348e-08 4.2832174890948415e-08
15202.64650145605 3.09178042974094e-08 5.6784413404052044e-08
15290.743710992709 4.0412007014373835e-08 5.005940717881913e-08
15378.996936832076 3.745350817181569e-08 5.6018334193408935e-08
15467.823654297486 3.2946735941788765e-08 4.025217190399518e-08
15556.700109373583 1.188244736795524e-08 1.743474505941912e-08
15646.19115491709 3.40207039956977e-08 4.80971873929292e-08
15735.6822004606 2.783494738738283e-08 4.580700959492878e-08
15825.745487520548 3.7984757160999355e-08 4.2325177297024415e-08
15915.837783973377 3.373635359109111e-08 3.376669174722648e-08
16006.384824283428 2.9473757825730656e-08 3.8225710813699224e-08
16097.016681845176 4.146896357587073e-08 4.417361374659842e-08
16188.006285634441 1.189109761644231e-08 3.460937876014456e-08
16279.11743226022 2.9255003013257175e-08 4.993298450344645e-08
16370.506704661038 4.978274449998308e-08 3.796478474440085e-08
16462.03858773351 4.585636827402209e-08 4.080118649183275e-08
16553.783496970373 3.5972344565087254e-08 3.103194512641675e-08
16645.679362021663 3.035000409114003e-08 3.042370691058041e-08
16737.735379521462 4.6377370252789675e-08 3.1805843900039574e-08
16829.940593549127 2.0081228579158757e-08 3.3318451403789555e-08
16922.26303147177 2.56322207540569e-09 1.1628639927099703e-08
17014.72470408802 4.6379411029247356e-08 4.0650019350803234e-08
17107.26885905738 3.346483426633498e-08 4.042607240084354e-08
17199.93561904718 1.1288803984155547e-08 2.4097527182988203e-08
17292.65736781778 1.9409610970795437e-08 2.3743157379476167e-08
17385.48042413635 2.0884845798159175e-09 1.6915321700401343e-08
17478.336891193187 3.0310308210934316e-08 3.0925848158726205e-08
17571.269520143473 3.178450082394495e-08 3.356474225222301e-08
17664.218802049432 1.4046745729155393e-08 2.6987366107968507e-08
17757.21537585619 6.019958034159077e-09 2.2433963578946668e-08
17850.216382196188 1.6302136072875786e-08 1.723272750309204e-08
17943.23335039393 5.763226219277515e-09 1.7360141340770334e-08
18036.248003836998 -5.140303502370552e-08 4.8011537926947615e-11
18129.251722358385 1.9707628870079578e-07 1.0422519279364539e-07
18222.25331390827 1.5475050378874636e-07 1.8819573675278848e-07
18315.240891332713 7.708902711198228e-07 2.303392332427199e-06
18408.227041400354 -3.096489842435485e-06 -7.1639903848078655e-06
18501.198488672853 -6.968061655855349e-05 -3.863889527471716e-05
18594.169935945356 -inf 
18687.141383217855 -inf 
