# wavelength (A)  f_lam (erg/s/cm2/A) fe_lam (erg/s/cm2/A)
1.000349e+04 1.140570e-18 8.304872e-19
1.001449e+04 -6.796189e-19 8.314318e-19
1.002549e+04 6.838796e-19 8.323765e-19
1.003649e+04 4.462668e-19 8.333209e-19
1.004749e+04 1.964485e-18 8.342650e-19
1.005849e+04 4.987481e-19 8.352084e-19
1.006949e+04 -7.374225e-19 8.361511e-19
1.008049e+04 -8.017163e-19 8.370929e-19
1.009149e+04 1.742175e-18 8.380334e-19
1.010249e+04 1.384852e-18 8.389727e-19
1.011349e+04 7.134662e-19 8.399104e-19
1.012449e+04 -1.104499e-18 8.408464e-19
1.013549e+04 -6.220182e-19 8.417804e-19
1.014649e+04 1.631948e-18 8.427124e-19
1.015749e+04 -3.595693e-19 8.436422e-19
1.016849e+04 5.744566e-19 8.445695e-19
1.017949e+04 -3.026240e-19 8.454942e-19
1.019049e+04 1.115977e-18 8.464161e-19
1.020149e+04 8.515087e-19 8.473350e-19
1.021249e+04 -3.574053e-19 8.482509e-19
1.022349e+04 1.863456e-18 8.491634e-19
1.023449e+04 9.739243e-19 8.500725e-19
1.024549e+04 -5.413405e-19 8.509780e-19
1.025649e+04 2.042344e-18 8.518798e-19
1.026749e+04 6.374191e-19 8.527776e-19
1.027849e+04 -6.218088e-20 8.536714e-19
1.028949e+04 -2.850740e-20 8.545610e-19
1.030049e+04 -1.786898e-19 8.554462e-19
1.031149e+04 -6.923261e-19 8.563269e-19
1.032249e+04 7.683546e-20 8.572029e-19
1.033349e+04 -3.484591e-19 8.580741e-19
1.034449e+04 -7.076646e-19 8.589405e-19
1.035549e+04 -5.918240e-19 8.598017e-19
1.036649e+04 3.365018e-19 8.606578e-19
1.037749e+04 -1.384820e-18 8.615085e-19
1.038849e+04 8.202921e-19 8.623538e-19
1.039949e+04 7.679773e-19 8.631935e-19
1.041049e+04 6.995313e-19 8.640276e-19
1.042149e+04 -2.597638e-19 8.648558e-19
1.043249e+04 1.321046e-18 8.656780e-19
1.044349e+04 2.130897e-18 8.664943e-19
1.045449e+04 -7.220435e-19 8.673044e-19
1.046549e+04 1.252524e-18 8.681082e-19
1.047649e+04 -1.808163e-18 8.689057e-19
1.048749e+04 -5.809881e-21 8.696967e-19
1.049849e+04 -7.187997e-19 8.704811e-19
1.050949e+04 8.219922e-19 8.712589e-19
1.052049e+04 -5.174098e-19 8.720300e-19
1.053149e+04 -8.434996e-19 8.727942e-19
1.054249e+04 1.000177e-18 8.735515e-19
1.055349e+04 2.039355e-18 8.743018e-19
1.056449e+04 1.544496e-18 8.750450e-19
1.057549e+04 9.367353e-19 8.757811e-19
1.058649e+04 -5.157904e-19 8.765099e-19
1.059749e+04 -5.114551e-19 8.772314e-19
1.060849e+04 -2.826339e-19 8.779455e-19
1.061949e+04 -6.116945e-19 8.786522e-19
1.063049e+04 1.702209e-21 8.793514e-19
1.064149e+04 3.030181e-19 8.800430e-19
1.065249e+04 -1.739064e-19 8.807271e-19
1.066349e+04 5.341957e-19 8.814034e-19
1.067449e+04 -5.447578e-19 8.820720e-19
1.068549e+04 -2.978815e-19 8.827329e-19
1.069649e+04 -2.897325e-20 8.833859e-19
1.070749e+04 1.030239e-18 8.840311e-19
1.071849e+04 -2.052737e-19 8.846683e-19
1.072949e+04 -3.189777e-20 8.852977e-19
1.074049e+04 7.721714e-19 8.859190e-19
1.075149e+04 2.087262e-19 8.865324e-19
1.076249e+04 6.037734e-19 8.871377e-19
1.077349e+04 1.322697e-18 8.877350e-19
1.078449e+04 -6.238972e-19 8.883242e-19
1.079549e+04 3.053987e-19 8.889054e-19
1.080649e+04 2.354787e-18 8.894784e-19
1.081749e+04 -4.278177e-20 8.900432e-19
1.082849e+04 1.450251e-18 8.906000e-19
1.083949e+04 8.859039e-19 8.911486e-19
1.085049e+04 1.731934e-18 8.916890e-19
1.086149e+04 1.912233e-18 8.922213e-19
1.087249e+04 -1.879139e-19 8.927454e-19
1.088349e+04 6.843011e-19 8.932613e-19
1.089449e+04 1.438368e-18 8.937691e-19
1.090549e+04 8.728021e-19 8.942687e-19
1.091649e+04 5.500925e-19 8.947602e-19
1.092749e+04 1.255537e-18 8.952435e-19
1.093849e+04 7.485138e-19 8.957187e-19
1.094949e+04 1.053509e-18 8.961859e-19
1.096049e+04 1.818280e-18 8.966449e-19
1.097149e+04 7.747310e-20 8.970958e-19
1.098249e+04 2.390759e-18 8.975387e-19
1.099349e+04 5.610400e-19 8.979736e-19
1.100449e+04 -6.208468e-19 8.984005e-19
1.101549e+04 -1.845527e-18 8.988194e-19
1.102649e+04 -1.368035e-18 8.992303e-19
1.103749e+04 7.991087e-19 8.996334e-19
1.104849e+04 -1.745611e-18 9.000285e-19
1.105949e+04 8.089293e-19 9.004158e-19
1.107049e+04 1.412787e-18 9.007954e-19
1.108149e+04 1.526479e-18 9.011671e-19
1.109249e+04 3.352551e-19 9.015311e-19
1.110349e+04 1.319301e-18 9.018875e-19
1.111449e+04 3.978392e-19 9.022362e-19
1.112549e+04 6.465424e-19 9.025773e-19
1.113649e+04 -2.481195e-19 9.029109e-19
1.114749e+04 2.369262e-19 9.032369e-19
1.115849e+04 -4.333934e-19 9.035555e-19
1.116949e+04 1.443984e-18 9.038667e-19
1.118049e+04 4.606622e-19 9.041706e-19
1.119149e+04 1.931938e-19 9.044672e-19
1.120249e+04 1.026799e-18 9.047565e-19
1.121349e+04 4.546185e-19 9.050387e-19
1.122449e+04 5.495089e-19 9.053137e-19
1.123549e+04 -6.148986e-20 9.055817e-19
1.124649e+04 -1.136550e-18 9.058427e-19
1.125749e+04 -1.129114e-18 9.060968e-19
1.126849e+04 6.818739e-19 9.063440e-19
1.127949e+04 1.380749e-18 9.065844e-19
1.129049e+04 1.306714e-19 9.068181e-19
1.130149e+04 -2.858220e-19 9.070451e-19
1.131249e+04 3.687844e-19 9.072654e-19
1.132349e+04 -6.819781e-19 9.074793e-19
1.133449e+04 -3.577958e-20 9.076867e-19
1.134549e+04 4.506414e-19 9.078877e-19
1.135649e+04 1.070418e-18 9.080824e-19
1.136749e+04 5.146676e-19 9.082709e-19
1.137849e+04 -3.550388e-19 9.084531e-19
1.138949e+04 -2.267908e-19 9.086293e-19
1.140049e+04 -5.268646e-19 9.087994e-19
1.141149e+04 -6.140714e-19 9.089636e-19
1.142249e+04 -5.277825e-19 9.091219e-19
1.143349e+04 1.523063e-18 9.092744e-19
1.144449e+04 1.591869e-18 9.094212e-19
1.145549e+04 7.431783e-19 9.095623e-19
1.146649e+04 1.227958e-18 9.096978e-19
1.147749e+04 1.626054e-18 9.098278e-19
1.148849e+04 1.034148e-18 9.099525e-19
1.149949e+04 9.283178e-20 9.100717e-19
1.151049e+04 1.038489e-18 9.101857e-19
1.152149e+04 3.127299e-19 9.102946e-19
1.153249e+04 1.138721e-18 9.103983e-19
1.154349e+04 -3.308453e-19 9.104969e-19
1.155449e+04 -2.374939e-19 9.105906e-19
1.156549e+04 -5.409559e-19 9.106795e-19
1.157649e+04 1.449453e-18 9.107635e-19
1.158749e+04 -3.067550e-19 9.108428e-19
1.159849e+04 -8.857715e-19 9.109175e-19
1.160949e+04 1.912572e-18 9.109876e-19
1.162049e+04 4.071236e-19 9.110532e-19
1.163149e+04 -7.484889e-19 9.111144e-19
1.164249e+04 -1.697741e-19 9.111712e-19
1.165349e+04 2.241521e-19 9.112238e-19
1.166449e+04 9.379314e-22 9.112722e-19
1.167549e+04 -5.825174e-19 9.113165e-19
1.168649e+04 5.819243e-19 9.113567e-19
1.169749e+04 -1.361995e-19 9.113930e-19
1.170849e+04 7.779228e-19 9.114254e-19
1.171949e+04 -5.557714e-19 9.114540e-19
1.173049e+04 4.456140e-19 9.114788e-19
1.174149e+04 3.245456e-19 9.115000e-19
1.175249e+04 -1.941841e-19 9.115176e-19
1.176349e+04 -4.856521e-21 9.115316e-19
1.177449e+04 -9.620425e-19 9.115422e-19
1.178549e+04 9.829146e-19 9.115495e-19
1.179649e+04 1.153899e-18 9.115534e-19
1.180749e+04 9.023855e-19 9.115540e-19
1.181849e+04 2.367093e-18 9.115515e-19
1.182949e+04 5.273688e-19 9.115459e-19
1.184049e+04 -5.797142e-20 9.115372e-19
1.185149e+04 -3.162252e-19 9.115255e-19
1.186249e+04 -7.118968e-19 9.115110e-19
1.187349e+04 -3.529678e-19 9.114935e-19
1.188449e+04 -1.291167e-18 9.114733e-19
1.189549e+04 5.551306e-19 9.114504e-19
1.190649e+04 8.625401e-19 9.114248e-19
1.191749e+04 5.404505e-19 9.113966e-19
1.192849e+04 2.184569e-19 9.113659e-19
1.193949e+04 3.746898e-19 9.113326e-19
1.195049e+04 -6.131408e-19 9.112970e-19
1.196149e+04 3.893397e-20 9.112590e-19
1.197249e+04 7.595114e-21 9.112186e-19
1.198349e+04 9.542543e-19 9.111760e-19
1.199449e+04 2.138055e-18 9.111312e-19
1.200549e+04 1.351337e-18 9.110842e-19
1.201649e+04 -9.682002e-19 9.110351e-19
1.202749e+04 -2.429464e-18 9.109840e-19
1.203849e+04 2.329737e-18 9.109309e-19
1.204949e+04 1.942289e-19 9.108759e-19
1.206049e+04 4.247550e-19 9.108189e-19
1.207149e+04 -7.956486e-19 9.107601e-19
1.208249e+04 1.049964e-18 9.106995e-19
1.209349e+04 1.138966e-18 9.106371e-19
1.210449e+04 5.062973e-19 9.105730e-19
1.211549e+04 -3.769621e-19 9.105073e-19
1.212649e+04 2.125148e-19 9.104398e-19
1.213749e+04 1.452981e-18 9.103708e-19
1.214849e+04 2.099336e-18 9.103002e-19
1.215949e+04 3.473542e-18 9.102281e-19
1.217049e+04 1.848614e-19 9.101544e-19
1.218149e+04 -1.089842e-19 9.100794e-19
1.219249e+04 9.740818e-19 9.100029e-19
1.220349e+04 6.019054e-19 9.099250e-19
1.221449e+04 1.145242e-19 9.098457e-19
1.222549e+04 4.249896e-19 9.097651e-19
1.223649e+04 1.173276e-18 9.096832e-19
1.224749e+04 1.524406e-18 9.096001e-19
1.225849e+04 1.238645e-18 9.095156e-19
1.226949e+04 1.584457e-18 9.094300e-19
1.228049e+04 5.826362e-19 9.093432e-19
1.229149e+04 8.950926e-19 9.092552e-19
1.230249e+04 -7.994131e-19 9.091660e-19
1.231349e+04 4.326311e-19 9.090757e-19
1.232449e+04 6.847612e-19 9.089843e-19
1.233549e+04 8.592729e-20 9.088918e-19
1.234649e+04 8.197488e-20 9.087983e-19
1.235749e+04 -3.420790e-19 9.087037e-19
1.236849e+04 1.073392e-18 9.086080e-19
1.237949e+04 6.715983e-19 9.085114e-19
1.239049e+04 1.898089e-18 9.084137e-19
1.240149e+04 3.087503e-18 9.083150e-19
1.241249e+04 3.465647e-18 9.082154e-19
1.242349e+04 -6.428510e-19 9.081148e-19
1.243449e+04 -3.079579e-19 9.080132e-19
1.244549e+04 3.448508e-19 9.079107e-19
1.245649e+04 -8.352332e-19 9.078072e-19
1.246749e+04 9.360761e-19 9.077028e-19
1.247849e+04 -5.690254e-19 9.075975e-19
1.248949e+04 2.648633e-18 9.074913e-19
1.250049e+04 2.446020e-18 9.073841e-19
1.251149e+04 8.485653e-18 9.072761e-19
1.252249e+04 8.652347e-18 9.071671e-19
1.253349e+04 5.673299e-18 9.070572e-19
1.254449e+04 2.529953e-18 9.069465e-19
1.255549e+04 5.469388e-20 9.068348e-19
1.256649e+04 4.141053e-19 9.067223e-19
1.257749e+04 -1.263421e-18 9.066089e-19
1.258849e+04 -1.291887e-18 9.064946e-19
1.259949e+04 -2.950201e-19 9.063793e-19
1.261049e+04 1.207104e-18 9.062632e-19
1.262149e+04 1.774442e-19 9.061462e-19
1.263249e+04 1.363569e-18 9.060283e-19
1.264349e+04 3.175965e-19 9.059096e-19
1.265449e+04 1.561345e-18 9.057899e-19
1.266549e+04 3.648781e-19 9.056693e-19
1.267649e+04 3.055370e-19 9.055478e-19
1.268749e+04 7.214000e-19 9.054253e-19
1.269849e+04 -1.323408e-18 9.053020e-19
1.270949e+04 1.713030e-18 9.051778e-19
1.272049e+04 -5.211721e-20 9.050526e-19
1.273149e+04 1.820712e-18 9.049265e-19
1.274249e+04 2.425523e-18 9.047994e-19
1.275349e+04 -8.642015e-19 9.046714e-19
1.276449e+04 -8.440604e-19 9.045425e-19
1.277549e+04 2.519549e-19 9.044126e-19
1.278649e+04 -1.461938e-18 9.042818e-19
1.279749e+04 1.080588e-18 9.041499e-19
1.280849e+04 1.453268e-18 9.040171e-19
1.281949e+04 -6.434533e-19 9.038834e-19
1.283049e+04 -6.059801e-19 9.037486e-19
1.284149e+04 -1.027860e-18 9.036129e-19
1.285249e+04 1.085065e-18 9.034761e-19
1.286349e+04 -1.096656e-18 9.033384e-19
1.287449e+04 2.050274e-18 9.031996e-19
1.288549e+04 7.529020e-19 9.030599e-19
1.289649e+04 5.027126e-21 9.029190e-19
1.290749e+04 -3.344379e-19 9.027772e-19
1.291849e+04 4.785101e-19 9.026343e-19
1.292949e+04 6.330641e-19 9.024904e-19
1.294049e+04 9.723413e-19 9.023455e-19
1.295149e+04 1.654338e-19 9.021995e-19
1.296249e+04 -4.351249e-19 9.020524e-19
1.297349e+04 -2.474616e-19 9.019043e-19
1.298449e+04 1.093370e-18 9.017551e-19
1.299549e+04 -4.160760e-19 9.016048e-19
1.300649e+04 1.395765e-18 9.014535e-19
1.301749e+04 -3.593873e-19 9.013011e-19
1.302849e+04 9.475698e-19 9.011476e-19
1.303949e+04 7.213567e-19 9.009930e-19
1.305049e+04 2.559733e-19 9.008374e-19
1.306149e+04 7.217737e-19 9.006807e-19
1.307249e+04 -8.173958e-20 9.005229e-19
1.308349e+04 7.104583e-19 9.003641e-19
1.309449e+04 2.004892e-19 9.002041e-19
1.310549e+04 1.074071e-18 9.000431e-19
1.311649e+04 -1.045396e-19 8.998811e-19
1.312749e+04 -2.098426e-20 8.997179e-19
1.313849e+04 -1.032815e-19 8.995537e-19
1.314949e+04 -1.188246e-18 8.993885e-19
1.316049e+04 8.647302e-19 8.992222e-19
1.317149e+04 -4.689673e-20 8.990548e-19
1.318249e+04 -4.791305e-19 8.988865e-19
1.319349e+04 5.110612e-20 8.987171e-19
1.320449e+04 4.226987e-19 8.985466e-19
1.321549e+04 -6.486690e-19 8.983752e-19
1.322649e+04 2.583436e-19 8.982028e-19
1.323749e+04 -2.645279e-19 8.980294e-19
1.324849e+04 -5.563011e-20 8.978550e-19
1.325949e+04 -1.515895e-19 8.976796e-19
1.327049e+04 -8.036979e-19 8.975033e-19
1.328149e+04 5.063202e-19 8.973261e-19
1.329249e+04 2.017271e-18 8.971479e-19
1.330349e+04 -2.143325e-19 8.969689e-19
1.331449e+04 2.696986e-19 8.967889e-19
1.332549e+04 9.744933e-19 8.966082e-19
1.333649e+04 8.139417e-19 8.964265e-19
1.334749e+04 3.586123e-19 8.962440e-19
1.335849e+04 1.349443e-18 8.960607e-19
1.336949e+04 1.113921e-18 8.958767e-19
1.338049e+04 -2.544066e-19 8.956918e-19
1.339149e+04 -2.568095e-19 8.955062e-19
1.340249e+04 3.717574e-19 8.953200e-19
1.341349e+04 2.079157e-18 8.951330e-19
1.342449e+04 5.997965e-19 8.949454e-19
1.343549e+04 -4.767580e-19 8.947571e-19
1.344649e+04 8.089305e-19 8.945683e-19
1.345749e+04 3.884904e-19 8.943788e-19
1.346849e+04 2.365484e-19 8.941889e-19
1.347949e+04 8.187930e-19 8.939985e-19
1.349049e+04 6.933984e-20 8.938075e-19
1.350149e+04 -7.981098e-19 8.936162e-19
1.351249e+04 1.287247e-18 8.934245e-19
1.352349e+04 6.359263e-19 8.932324e-19
1.353449e+04 4.908098e-19 8.930400e-19
1.354549e+04 3.527294e-19 8.928473e-19
1.355649e+04 -2.401522e-19 8.926543e-19
1.356749e+04 1.215281e-18 8.924612e-19
1.357849e+04 8.132009e-19 8.922679e-19
1.358949e+04 1.432020e-18 8.920745e-19
1.360049e+04 -5.291284e-19 8.918810e-19
1.361149e+04 1.033434e-18 8.916875e-19
1.362249e+04 5.069797e-20 8.914940e-19
1.363349e+04 -1.236336e-18 8.913006e-19
1.364449e+04 -5.776315e-20 8.911073e-19
1.365549e+04 -2.130865e-18 8.909142e-19
1.366649e+04 -5.448762e-19 8.907212e-19
1.367749e+04 -8.015379e-19 8.905285e-19
1.368849e+04 -2.323192e-19 8.903362e-19
1.369949e+04 -6.762539e-20 8.901442e-19
1.371049e+04 -1.313979e-18 8.899526e-19
1.372149e+04 -3.629785e-19 8.897614e-19
1.373249e+04 1.624199e-19 8.895708e-19
1.374349e+04 -9.540734e-19 8.893807e-19
1.375449e+04 1.001231e-18 8.891913e-19
1.376549e+04 1.841979e-18 8.890026e-19
1.377649e+04 -3.200012e-20 8.888146e-19
1.378749e+04 6.723751e-19 8.886273e-19
1.379849e+04 -8.625457e-19 8.884410e-19
1.380949e+04 4.103841e-19 8.882555e-19
1.382049e+04 8.157798e-19 8.880710e-19
1.383149e+04 -1.885178e-19 8.878875e-19
1.384249e+04 1.287672e-18 8.877051e-19
1.385349e+04 3.485748e-20 8.875239e-19
1.386449e+04 -3.380098e-20 8.873438e-19
1.387549e+04 -5.937735e-19 8.871650e-19
1.388649e+04 -1.166992e-18 8.869875e-19
1.389749e+04 8.504612e-19 8.868114e-19
1.390849e+04 -6.468628e-19 8.866368e-19
1.391949e+04 -9.556836e-19 8.864636e-19
1.393049e+04 8.226066e-19 8.862920e-19
1.394149e+04 -9.968248e-19 8.861221e-19
1.395249e+04 -1.574958e-18 8.859538e-19
1.396349e+04 3.488124e-19 8.857873e-19
1.397449e+04 5.739433e-19 8.856226e-19
1.398549e+04 -1.804869e-18 8.854597e-19
1.399649e+04 -1.533014e-19 8.852988e-19
1.400749e+04 -6.184413e-19 8.851399e-19
1.401849e+04 1.280882e-18 8.849831e-19
1.402949e+04 8.947443e-19 8.848283e-19
1.404049e+04 1.167532e-18 8.846758e-19
1.405149e+04 1.101327e-18 8.845255e-19
1.406249e+04 -6.866224e-19 8.843775e-19
1.407349e+04 1.556387e-19 8.842319e-19
1.408449e+04 -4.830750e-19 8.840887e-19
1.409549e+04 1.472791e-18 8.839480e-19
1.410649e+04 -1.137059e-18 8.838098e-19
1.411749e+04 9.503227e-19 8.836743e-19
1.412849e+04 8.774882e-19 8.835414e-19
1.413949e+04 9.462790e-19 8.834112e-19
1.415049e+04 1.442261e-18 8.832839e-19
1.416149e+04 1.693382e-18 8.831593e-19
1.417249e+04 1.143302e-18 8.830377e-19
1.418349e+04 -1.393203e-18 8.829190e-19
1.419449e+04 2.181943e-19 8.828034e-19
1.420549e+04 6.602430e-19 8.826908e-19
1.421649e+04 -9.057398e-19 8.825814e-19
1.422749e+04 5.767746e-19 8.824751e-19
1.423849e+04 7.934495e-19 8.823720e-19
1.424949e+04 -2.991912e-19 8.822723e-19
1.426049e+04 2.087740e-18 8.821759e-19
1.427149e+04 1.005875e-18 8.820829e-19
1.428249e+04 -4.012467e-19 8.819933e-19
1.429349e+04 7.814278e-19 8.819072e-19
1.430449e+04 2.969447e-19 8.818246e-19
1.431549e+04 -1.492451e-18 8.817457e-19
1.432649e+04 -6.585928e-19 8.816703e-19
1.433749e+04 4.975242e-19 8.815987e-19
1.434849e+04 -2.558081e-19 8.815308e-19
1.435949e+04 1.486549e-18 8.814666e-19
1.437049e+04 5.449602e-19 8.814062e-19
1.438149e+04 5.478474e-19 8.813498e-19
1.439249e+04 1.431756e-18 8.812972e-19
1.440349e+04 -3.843258e-20 8.812485e-19
1.441449e+04 1.791107e-18 8.812038e-19
1.442549e+04 8.754464e-19 8.811631e-19
1.443649e+04 -8.298159e-19 8.811264e-19
1.444749e+04 -1.845191e-19 8.810939e-19
1.445849e+04 4.754853e-19 8.810654e-19
1.446949e+04 -4.834450e-19 8.810411e-19
1.448049e+04 -5.301224e-19 8.810209e-19
1.449149e+04 1.017414e-18 8.810050e-19
1.450249e+04 -1.036917e-18 8.809932e-19
1.451349e+04 8.004083e-19 8.809858e-19
1.452449e+04 2.505225e-19 8.809826e-19
1.453549e+04 1.263223e-18 8.809837e-19
1.454649e+04 1.866550e-19 8.809891e-19
1.455749e+04 2.972636e-19 8.809989e-19
1.456849e+04 1.098624e-19 8.810130e-19
1.457949e+04 -1.286490e-18 8.810316e-19
1.459049e+04 9.748877e-19 8.810545e-19
1.460149e+04 2.235067e-18 8.810819e-19
1.461249e+04 -9.420218e-19 8.811136e-19
1.462349e+04 -1.162931e-18 8.811498e-19
1.463449e+04 -1.231616e-18 8.811905e-19
1.464549e+04 -6.364474e-20 8.812356e-19
1.465649e+04 1.044753e-19 8.812852e-19
1.466749e+04 8.464919e-20 8.813393e-19
1.467849e+04 2.900721e-19 8.813978e-19
1.468949e+04 1.376288e-18 8.814609e-19
1.470049e+04 1.419576e-18 8.815284e-19
1.471149e+04 -1.052549e-19 8.816004e-19
1.472249e+04 7.433823e-19 8.816769e-19
1.473349e+04 7.444683e-19 8.817579e-19
1.474449e+04 3.484552e-20 8.818433e-19
1.475549e+04 1.391465e-18 8.819333e-19
1.476649e+04 7.893489e-19 8.820276e-19
1.477749e+04 5.135960e-19 8.821265e-19
1.478849e+04 3.474365e-19 8.822297e-19
1.479949e+04 9.482007e-19 8.823374e-19
1.481049e+04 -5.440909e-19 8.824495e-19
1.482149e+04 3.142409e-19 8.825660e-19
1.483249e+04 5.916547e-19 8.826869e-19
1.484349e+04 6.062397e-20 8.828121e-19
1.485449e+04 2.791523e-19 8.829416e-19
1.486549e+04 8.555310e-19 8.830755e-19
1.487649e+04 3.177961e-19 8.832136e-19
1.488749e+04 1.347402e-18 8.833560e-19
1.489849e+04 2.104503e-18 8.835027e-19
1.490949e+04 1.863894e-19 8.836536e-19
1.492049e+04 -7.415499e-19 8.838086e-19
1.493149e+04 4.853894e-20 8.839678e-19
1.494249e+04 6.289083e-19 8.841311e-19
1.495349e+04 -3.811196e-20 8.842985e-19
1.496449e+04 9.099313e-19 8.844699e-19
1.497549e+04 2.472508e-19 8.846453e-19
1.498649e+04 8.725143e-19 8.848247e-19
1.499749e+04 -1.281554e-18 8.850080e-19
1.500849e+04 1.126663e-19 8.851953e-19
1.501949e+04 6.117121e-20 8.853863e-19
1.503049e+04 1.837649e-18 8.855812e-19
1.504149e+04 -5.218497e-19 8.857799e-19
1.505249e+04 2.506790e-20 8.859822e-19
1.506349e+04 2.800273e-19 8.861882e-19
1.507449e+04 2.580481e-19 8.863978e-19
1.508549e+04 1.540560e-18 8.866110e-19
1.509649e+04 1.091170e-18 8.868278e-19
1.510749e+04 1.454540e-19 8.870479e-19
1.511849e+04 4.962342e-19 8.872715e-19
1.512949e+04 -2.055392e-19 8.874985e-19
1.514049e+04 -5.380226e-19 8.877288e-19
1.515149e+04 1.352100e-18 8.879623e-19
1.516249e+04 -7.350399e-19 8.881990e-19
1.517349e+04 5.300895e-20 8.884388e-19
1.518449e+04 7.768725e-19 8.886817e-19
1.519549e+04 -1.085946e-18 8.889276e-19
1.520649e+04 8.960496e-19 8.891764e-19
1.521749e+04 -3.177613e-19 8.894282e-19
1.522849e+04 -5.439108e-19 8.896827e-19
1.523949e+04 -3.514892e-19 8.899401e-19
1.525049e+04 1.828223e-19 8.902001e-19
1.526149e+04 -1.832786e-18 8.904627e-19
1.527249e+04 -1.366030e-18 8.907280e-19
1.528349e+04 8.799222e-19 8.909957e-19
1.529449e+04 4.821697e-19 8.912658e-19
1.530549e+04 2.869042e-20 8.915383e-19
1.531649e+04 1.051589e-18 8.918131e-19
1.532749e+04 6.208636e-19 8.920901e-19
1.533849e+04 -2.071697e-19 8.923693e-19
1.534949e+04 1.914812e-19 8.926505e-19
1.536049e+04 -7.657695e-19 8.929338e-19
1.537149e+04 -8.588162e-19 8.932190e-19
1.538249e+04 1.203060e-18 8.935060e-19
1.539349e+04 3.592419e-19 8.937949e-19
1.540449e+04 1.535987e-18 8.940854e-19
1.541549e+04 2.801220e-19 8.943776e-19
1.542649e+04 -2.287954e-19 8.946714e-19
1.543749e+04 -4.143245e-19 8.949667e-19
1.544849e+04 -1.950108e-18 8.952633e-19
1.545949e+04 1.154938e-18 8.955613e-19
1.547049e+04 2.490491e-19 8.958606e-19
1.548149e+04 -9.472166e-20 8.961611e-19
1.549249e+04 9.827774e-19 8.964627e-19
1.550349e+04 9.424031e-19 8.967653e-19
1.551449e+04 -5.642001e-19 8.970689e-19
1.552549e+04 8.370260e-19 8.973733e-19
1.553649e+04 8.455353e-19 8.976786e-19
1.554749e+04 -6.314708e-19 8.979846e-19
1.555849e+04 1.182058e-18 8.982913e-19
1.556949e+04 -1.576452e-19 8.985985e-19
1.558049e+04 -6.902471e-19 8.989062e-19
1.559149e+04 -2.889127e-19 8.992144e-19
1.560249e+04 9.530037e-19 8.995229e-19
1.561349e+04 -8.101462e-20 8.998317e-19
1.562449e+04 -1.003187e-18 9.001406e-19
1.563549e+04 -9.024864e-19 9.004497e-19
1.564649e+04 -1.674092e-18 9.007588e-19
1.565749e+04 -5.371699e-19 9.010679e-19
1.566849e+04 6.294120e-19 9.013768e-19
1.567949e+04 1.203773e-20 9.016856e-19
1.569049e+04 7.511429e-19 9.019940e-19
1.570149e+04 -9.707211e-19 9.023022e-19
1.571249e+04 -4.119245e-19 9.026098e-19
1.572349e+04 1.439864e-18 9.029170e-19
1.573449e+04 -9.868365e-19 9.032236e-19
1.574549e+04 7.715069e-19 9.035296e-19
1.575649e+04 1.264164e-18 9.038348e-19
1.576749e+04 -8.106841e-19 9.041392e-19
1.577849e+04 -6.629377e-20 9.044427e-19
1.578949e+04 3.308559e-19 9.047452e-19
1.580049e+04 -7.184925e-19 9.050468e-19
1.581149e+04 -1.018716e-18 9.053472e-19
1.582249e+04 1.883432e-19 9.056464e-19
1.583349e+04 -1.742610e-18 9.059443e-19
1.584449e+04 1.243786e-19 9.062410e-19
1.585549e+04 8.717428e-21 9.065362e-19
1.586649e+04 -1.953840e-19 9.068300e-19
1.587749e+04 1.207836e-18 9.071222e-19
1.588849e+04 1.643199e-18 9.074127e-19
1.589949e+04 -2.433838e-19 9.077016e-19
1.591049e+04 9.220062e-19 9.079887e-19
1.592149e+04 1.063932e-18 9.082740e-19
1.593249e+04 2.383699e-19 9.085573e-19
1.594349e+04 2.630027e-19 9.088387e-19
1.595449e+04 2.412999e-19 9.091181e-19
1.596549e+04 -4.409858e-19 9.093953e-19
1.597649e+04 2.211985e-18 9.096703e-19
1.598749e+04 9.387391e-19 9.099431e-19
1.599849e+04 7.222456e-20 9.102135e-19
1.600949e+04 -4.745411e-19 9.104816e-19
1.602049e+04 -3.345509e-19 9.107472e-19
1.603149e+04 4.472972e-19 9.110103e-19
1.604249e+04 3.469883e-19 9.112708e-19
1.605349e+04 9.198409e-19 9.115286e-19
1.606449e+04 -7.351003e-19 9.117837e-19
1.607549e+04 6.408337e-19 9.120360e-19
1.608649e+04 9.596959e-19 9.122855e-19
1.609749e+04 1.886584e-18 9.125320e-19
1.610849e+04 1.526473e-18 9.127756e-19
1.611949e+04 -2.932193e-19 9.130161e-19
1.613049e+04 -3.143997e-19 9.132535e-19
1.614149e+04 5.568422e-19 9.134878e-19
1.615249e+04 -9.407401e-19 9.137188e-19
1.616349e+04 1.243741e-18 9.139466e-19
1.617449e+04 -2.643752e-19 9.141710e-19
1.618549e+04 1.280901e-19 9.143920e-19
1.619649e+04 -1.462096e-18 9.146095e-19
1.620749e+04 -1.501461e-18 9.148235e-19
1.621849e+04 1.137904e-18 9.150339e-19
1.622949e+04 4.336479e-19 9.152406e-19
1.624049e+04 -2.198677e-19 9.154437e-19
1.625149e+04 -5.922149e-19 9.156430e-19
1.626249e+04 6.335575e-19 9.158385e-19
1.627349e+04 -7.789944e-19 9.160301e-19
1.628449e+04 -2.356272e-19 9.162178e-19
1.629549e+04 9.859000e-19 9.164015e-19
1.630649e+04 8.720060e-19 9.165812e-19
1.631749e+04 5.096948e-19 9.167568e-19
1.632849e+04 -3.569369e-19 9.169282e-19
1.633949e+04 2.379440e-19 9.170955e-19
1.635049e+04 4.422450e-19 9.172585e-19
1.636149e+04 1.098890e-18 9.174172e-19
1.637249e+04 1.272018e-18 9.175715e-19
1.638349e+04 1.959137e-18 9.177215e-19
1.639449e+04 4.400725e-18 9.178670e-19
1.640549e+04 8.367328e-18 9.180079e-19
1.641649e+04 7.830841e-18 9.181444e-19
1.642749e+04 2.878865e-18 9.182762e-19
1.643849e+04 2.211786e-18 9.184033e-19
1.644949e+04 4.373137e-19 9.185257e-19
1.646049e+04 -4.766479e-19 9.186434e-19
1.647149e+04 7.037018e-19 9.187563e-19
1.648249e+04 -9.631027e-19 9.188643e-19
1.649349e+04 -4.971869e-20 9.189674e-19
1.650449e+04 -6.735867e-19 9.190656e-19
1.651549e+04 -5.674748e-19 9.191588e-19
1.652649e+04 1.491052e-19 9.192470e-19
1.653749e+04 2.408067e-19 9.193300e-19
1.654849e+04 5.016478e-19 9.194080e-19
1.655949e+04 -1.517329e-18 9.194807e-19
1.657049e+04 -5.516002e-19 9.195483e-19
1.658149e+04 -3.933360e-19 9.196106e-19
1.659249e+04 -8.391217e-19 9.196676e-19
1.660349e+04 -1.384755e-19 9.197193e-19
1.661449e+04 3.449076e-19 9.197656e-19
1.662549e+04 -5.024134e-19 9.198064e-19
1.663649e+04 -7.720854e-19 9.198418e-19
1.664749e+04 -2.867961e-19 9.198717e-19
1.665849e+04 -6.771351e-19 9.198960e-19
1.666949e+04 2.368870e-18 9.199148e-19
1.668049e+04 6.075859e-19 9.199279e-19
1.669149e+04 -5.058365e-19 9.199354e-19
1.670249e+04 4.853844e-19 9.199372e-19
1.671349e+04 2.279006e-19 9.199333e-19
1.672449e+04 -1.317710e-18 9.199235e-19
1.673549e+04 5.949227e-19 9.199080e-19
1.674649e+04 2.068810e-19 9.198866e-19
1.675749e+04 7.072623e-19 9.198594e-19
1.676849e+04 -5.455912e-20 9.198262e-19
1.677949e+04 -9.153491e-19 9.197871e-19
1.679049e+04 -3.484764e-19 9.197420e-19
1.680149e+04 -8.864106e-19 9.196909e-19
1.681249e+04 -6.750038e-19 9.196337e-19
1.682349e+04 1.133040e-19 9.195705e-19
1.683449e+04 -1.371311e-18 9.195011e-19
1.684549e+04 1.485890e-18 9.194257e-19
1.685649e+04 2.453793e-19 9.193440e-19
1.686749e+04 3.698524e-19 9.192562e-19
1.687849e+04 -5.151929e-19 9.191621e-19
1.688949e+04 1.308696e-18 9.190617e-19
1.690049e+04 -1.044027e-18 9.189551e-19
1.691149e+04 -4.011965e-19 9.188422e-19
1.692249e+04 -1.199493e-18 9.187229e-19
1.693349e+04 1.687368e-18 9.185973e-19
1.694449e+04 5.302311e-19 9.184653e-19
1.695549e+04 -1.263342e-18 9.183268e-19
1.696649e+04 -7.176567e-19 9.181819e-19
1.697749e+04 -1.393266e-19 9.180306e-19
1.698849e+04 1.867433e-18 9.178728e-19
1.699949e+04 1.678129e-18 9.177085e-19
1.701049e+04 8.319891e-19 9.175376e-19
1.702149e+04 4.542375e-19 9.173603e-19
1.703249e+04 -4.039022e-19 9.171763e-19
1.704349e+04 -6.458986e-19 9.169858e-19
1.705449e+04 -1.513376e-18 9.167886e-19
1.706549e+04 -1.261756e-19 9.165849e-19
1.707649e+04 6.304250e-19 9.163745e-19
1.708749e+04 -3.959014e-19 9.161575e-19
1.709849e+04 1.159256e-18 9.159338e-19
1.710949e+04 1.153391e-19 9.157034e-19
1.712049e+04 3.886423e-19 9.154663e-19
1.713149e+04 -3.043872e-19 9.152226e-19
1.714249e+04 5.284206e-19 9.149721e-19
1.715349e+04 -1.260844e-18 9.147149e-19
1.716449e+04 1.425758e-18 9.144509e-19
1.717549e+04 -1.118199e-18 9.141803e-19
1.718649e+04 1.305300e-18 9.139028e-19
1.719749e+04 5.033730e-19 9.136187e-19
1.720849e+04 1.667329e-18 9.133277e-19
1.721949e+04 -1.155993e-18 9.130300e-19
1.723049e+04 5.726132e-19 9.127255e-19
1.724149e+04 -7.161668e-19 9.124143e-19
1.725249e+04 1.033164e-19 9.120962e-19
1.726349e+04 -7.591092e-19 9.117714e-19
1.727449e+04 1.568627e-19 9.114399e-19
1.728549e+04 -1.077181e-18 9.111015e-19
1.729649e+04 -6.853637e-20 9.107564e-19
1.730749e+04 4.821903e-20 9.104045e-19
1.731849e+04 4.922412e-19 9.100459e-19
1.732949e+04 -3.740329e-19 9.096805e-19
1.734049e+04 1.194405e-18 9.093084e-19
1.735149e+04 1.141184e-20 9.089296e-19
1.736249e+04 -7.129028e-19 9.085440e-19
1.737349e+04 3.942934e-19 9.081517e-19
1.738449e+04 4.448314e-19 9.077527e-19
1.739549e+04 1.159241e-18 9.073470e-19
1.740649e+04 3.019109e-19 9.069346e-19
1.741749e+04 8.971357e-19 9.065156e-19
1.742849e+04 -1.164047e-19 9.060899e-19
1.743949e+04 1.008910e-20 9.056576e-19
1.745049e+04 1.350980e-18 9.052187e-19
1.746149e+04 1.280967e-18 9.047733e-19
1.747249e+04 1.606161e-18 9.043212e-19
1.748349e+04 2.760408e-19 9.038626e-19
1.749449e+04 -3.795942e-20 9.033975e-19
1.750549e+04 2.121239e-18 9.029260e-19
1.751649e+04 4.315738e-19 9.024479e-19
1.752749e+04 1.381258e-19 9.019634e-19
1.753849e+04 -1.059673e-18 9.014726e-19
1.754949e+04 -4.967891e-19 9.009753e-19
1.756049e+04 7.238194e-19 9.004717e-19
1.757149e+04 -1.155784e-18 8.999618e-19
1.758249e+04 1.194115e-18 8.994457e-19
1.759349e+04 1.789987e-18 8.989233e-19
1.760449e+04 1.251231e-20 8.983947e-19
1.761549e+04 -1.106544e-19 8.978599e-19
1.762649e+04 8.465825e-19 8.973190e-19
1.763749e+04 -1.404370e-18 8.967721e-19
1.764849e+04 -4.411631e-19 8.962191e-19
1.765949e+04 9.103650e-19 8.956602e-19
1.767049e+04 1.506657e-18 8.950953e-19
1.768149e+04 -1.398731e-18 8.945245e-19
1.769249e+04 6.210551e-19 8.939478e-19
1.770349e+04 1.197602e-18 8.933654e-19
1.771449e+04 2.849255e-18 8.927773e-19
1.772549e+04 6.949586e-19 8.921834e-19
1.773649e+04 -4.624234e-19 8.915839e-19
1.774749e+04 -6.572226e-19 8.909789e-19
1.775849e+04 6.181263e-20 8.903683e-19
1.776949e+04 6.462505e-19 8.897522e-19
1.778049e+04 1.002747e-18 8.891308e-19
1.779149e+04 -9.542767e-19 8.885040e-19
1.780249e+04 -4.356754e-19 8.878720e-19
1.781349e+04 -1.296621e-19 8.872347e-19
1.782449e+04 -7.949843e-19 8.865923e-19
1.783549e+04 4.369386e-19 8.859448e-19
1.784649e+04 -2.165795e-19 8.852923e-19
1.785749e+04 4.705651e-19 8.846349e-19
1.786849e+04 -1.848043e-20 8.839726e-19
1.787949e+04 1.373038e-18 8.833055e-19
1.789049e+04 9.010081e-19 8.826337e-19
1.790149e+04 1.142082e-18 8.819572e-19
1.791249e+04 3.377030e-19 8.812762e-19
1.792349e+04 2.282600e-19 8.805906e-19
1.793449e+04 3.162528e-19 8.799007e-19
1.794549e+04 -1.213708e-18 8.792064e-19
1.795649e+04 3.931187e-19 8.785079e-19
1.796749e+04 -7.033594e-19 8.778052e-19
1.797849e+04 1.346140e-19 8.770985e-19
1.798949e+04 4.990054e-19 8.763877e-19
1.800049e+04 5.719373e-19 8.756730e-19
1.801149e+04 -7.102509e-19 8.749545e-19
1.802249e+04 -1.293254e-18 8.742323e-19
1.803349e+04 -1.239870e-18 8.735064e-19
1.804449e+04 -2.107772e-18 8.727770e-19
1.805549e+04 -1.279562e-18 8.720442e-19
1.806649e+04 -1.267517e-18 8.713079e-19
1.807749e+04 8.743298e-19 8.705684e-19
1.808849e+04 1.939573e-19 8.698257e-19
1.809949e+04 1.330940e-18 8.690800e-19
1.811049e+04 -1.058770e-18 8.683312e-19
1.812149e+04 -4.033937e-19 8.675796e-19
1.813249e+04 -1.433644e-18 8.668252e-19
1.814349e+04 4.829053e-19 8.660682e-19
1.815449e+04 1.477811e-18 8.653085e-19
1.816549e+04 8.570670e-19 8.645464e-19
1.817649e+04 -3.577119e-19 8.637819e-19
1.818749e+04 -8.892264e-19 8.630152e-19
1.819849e+04 -3.756577e-19 8.622463e-19
1.820949e+04 -3.782306e-19 8.614754e-19
1.822049e+04 -1.614927e-18 8.607025e-19
1.823149e+04 1.369832e-18 8.599278e-19
1.824249e+04 -3.464707e-19 8.591514e-19
1.825349e+04 -6.167609e-19 8.583734e-19
1.826449e+04 6.835011e-19 8.575938e-19
1.827549e+04 1.602342e-18 8.568129e-19
1.828649e+04 -1.187563e-19 8.560307e-19
1.829749e+04 6.010341e-19 8.552473e-19
1.830849e+04 9.806304e-19 8.544629e-19
1.831949e+04 -8.133201e-19 8.536775e-19
1.833049e+04 -4.403961e-19 8.528913e-19
1.834149e+04 2.736163e-19 8.521044e-19
1.835249e+04 4.282001e-19 8.513168e-19
1.836349e+04 -7.894943e-20 8.505288e-19
1.837449e+04 4.745752e-19 8.497404e-19
1.838549e+04 8.220090e-19 8.489518e-19
1.839649e+04 -1.119960e-19 8.481630e-19
1.840749e+04 -3.273766e-19 8.473741e-19
1.841849e+04 1.645342e-18 8.465854e-19
1.842949e+04 6.953846e-19 8.457969e-19
1.844049e+04 -3.864303e-19 8.450087e-19
1.845149e+04 1.085971e-18 8.442210e-19
1.846249e+04 4.146513e-19 8.434338e-19
1.847349e+04 -1.415683e-19 8.426472e-19
1.848449e+04 -3.954666e-19 8.418615e-19
1.849549e+04 -1.042209e-19 8.410767e-19
1.850649e+04 7.822271e-19 8.402929e-19
1.851749e+04 3.578880e-19 8.395103e-19
1.852849e+04 4.121193e-19 8.387289e-19
1.853949e+04 1.488183e-18 8.379489e-19
1.855049e+04 -1.344659e-19 8.371703e-19
1.856149e+04 -7.475745e-19 8.363934e-19
1.857249e+04 -7.433472e-20 8.356183e-19
1.858349e+04 -7.424302e-19 8.348449e-19
1.859449e+04 -9.656152e-19 8.340735e-19
1.860549e+04 -1.421414e-18 8.333042e-19
1.861649e+04 4.145855e-19 8.325371e-19
1.862749e+04 9.766605e-19 8.317723e-19
1.863849e+04 8.611706e-20 8.310099e-19
1.864949e+04 7.553768e-20 8.302500e-19
1.866049e+04 4.413057e-19 8.294928e-19
1.867149e+04 -1.166052e-18 8.287383e-19
1.868249e+04 -3.717817e-19 8.279867e-19
1.869349e+04 7.462925e-19 8.272381e-19
1.870449e+04 -1.588258e-18 8.264925e-19
1.871549e+04 1.090987e-18 8.257502e-19
1.872649e+04 4.318234e-19 8.250111e-19
1.873749e+04 2.093896e-19 8.242755e-19
1.874849e+04 9.265555e-19 8.235434e-19
1.875949e+04 9.840490e-19 8.228149e-19
1.877049e+04 3.629336e-19 8.220901e-19
1.878149e+04 4.225401e-19 8.213692e-19
1.879249e+04 -1.193695e-18 8.206522e-19
1.880349e+04 1.357075e-18 8.199393e-19
1.881449e+04 -1.301827e-19 8.192305e-19
1.882549e+04 -1.727172e-19 8.185259e-19
1.883649e+04 1.663146e-18 8.178257e-19
1.884749e+04 -3.191260e-19 8.171299e-19
1.885849e+04 1.548163e-18 8.164386e-19
1.886949e+04 2.773777e-19 8.157520e-19
1.888049e+04 9.970855e-19 8.150701e-19
1.889149e+04 6.485217e-19 8.143930e-19
1.890249e+04 -2.700342e-19 8.137208e-19
1.891349e+04 2.585241e-19 8.130536e-19
1.892449e+04 8.955443e-19 8.123915e-19
1.893549e+04 1.063853e-19 8.117346e-19
1.894649e+04 -5.255831e-19 8.110829e-19
1.895749e+04 1.363370e-18 8.104366e-19
1.896849e+04 -5.943839e-19 8.097957e-19
1.897949e+04 8.014185e-19 8.091603e-19
1.899049e+04 -1.159719e-18 8.085305e-19
1.900149e+04 -1.590970e-18 8.079063e-19
1.901249e+04 -6.006099e-19 8.072879e-19
1.902349e+04 2.775867e-19 8.066753e-19
1.903449e+04 6.771657e-20 8.060686e-19
1.904549e+04 1.700757e-18 8.054678e-19
1.905649e+04 1.564809e-18 8.048731e-19
1.906749e+04 3.336046e-21 8.042845e-19
1.907849e+04 2.745640e-19 8.037020e-19
1.908949e+04 4.402799e-19 8.031257e-19
1.910049e+04 -4.244674e-21 8.025557e-19
1.911149e+04 3.037895e-19 8.019920e-19
1.912249e+04 -1.385412e-18 8.014348e-19
1.913349e+04 3.389237e-19 8.008840e-19
1.914449e+04 -1.113406e-18 8.003397e-19
1.915549e+04 1.865395e-19 7.998020e-19
1.916649e+04 4.201387e-19 7.992709e-19
1.917749e+04 4.384260e-20 7.987464e-19
1.918849e+04 3.411791e-20 7.982287e-19
1.919949e+04 4.893627e-19 7.977177e-19
1.921049e+04 2.381475e-19 7.972136e-19
1.922149e+04 3.294833e-20 7.967163e-19
1.923249e+04 -7.716529e-19 7.962259e-19
1.924349e+04 1.134455e-20 7.957424e-19
1.925449e+04 -6.049464e-19 7.952658e-19
1.926549e+04 9.329787e-20 7.947963e-19
1.927649e+04 1.509155e-19 7.943338e-19
1.928749e+04 3.882587e-19 7.938783e-19
1.929849e+04 -2.109330e-19 7.934299e-19
