wavelengths_angstrom spec1d_cal_photlam spec1d_cal_opt_photlam
7369.341946526093 -inf 
7388.728532882521 -0.00013739906052009625 0.0004160681093664402
7408.115119238951 3.038740292210001e-05 9.405162491017813e-05
7427.5017055953795 1.536192555348306e-05 5.01056298118445e-06
7446.888291951809 3.282078728256938e-07 -1.2692617518245183e-06
7466.274878308237 -1.230378217812659e-06 -7.956569903294307e-07
7485.661464664667 -7.49490659603496e-08 9.150297703573893e-08
7505.0480510210955 3.9674142761877e-09 5.6948129675372575e-08
7524.434637377525 1.420751387479581e-07 8.794701708623653e-08
7543.821223733954 -3.1950309733390925e-08 -6.892537961815887e-10
7563.207810090382 -8.374476515417587e-08 5.166650551919355e-09
7583.630859569227 -2.0346508705425897e-07 -9.271850984033093e-08
7604.612876235701 2.2902282245790852e-08 1.0822615545179575e-08
7625.594892902176 -1.1036979894893234e-07 -4.185070835546419e-08
7646.576909568649 -8.156815008193634e-08 1.3315172658626768e-08
7667.558926235123 2.6696110265596202e-08 6.629022682987803e-08
7688.540942901597 -7.091809470925557e-08 5.719855373904337e-09
7709.522959568071 1.0877385460126178e-08 5.393903802419148e-08
7730.504976234544 -1.0557847748727474e-07 -6.478342172514437e-08
7751.486992901019 -5.660962441485343e-08 -7.681892105774269e-08
7773.452077003429 4.0028093740485215e-08 1.150082086297455e-08
7796.088333905539 -6.155161233521317e-08 4.337549078710711e-09
7818.724590807651 4.996248312284893e-09 1.2683140934386201e-08
7841.360847709761 3.416947166700962e-08 3.038469979128915e-09
7863.997104611872 2.5816575162536817e-08 4.5029899624234474e-08
7886.633361513982 -2.2591708452073907e-10 -6.502337521089581e-09
7909.269618416093 -4.2756018111852535e-08 6.46003074657667e-08
7931.9058753182035 -9.661848976193553e-08 -6.311552557882285e-08
7954.882123356891 1.1461094067149936e-07 5.788039631210202e-08
7979.212766582145 -8.507540207358053e-09 3.620193700238943e-08
8003.543409807398 -8.102771190398902e-08 -4.150532225570535e-08
8027.874053032652 7.169999436558254e-09 -5.19871286755455e-10
8052.204696257905 4.805910582253278e-09 -3.363209387235609e-08
8076.535339483158 4.4437273506981744e-08 1.0486470230682927e-09
8100.865982708412 -8.522385146234224e-09 3.874106585009005e-08
8125.196625933665 7.001307558076307e-08 6.598385368830952e-08
8150.211355395661 4.82705123874696e-08 3.782308308101263e-08
8176.289011105165 -4.3025430379848446e-08 -2.114604013330493e-09
8202.366666814669 2.0439525101013714e-09 4.913158411197032e-08
8228.444322524174 -4.398991886827966e-08 -3.160813472990276e-08
8254.521978233679 -1.0952266681574838e-08 -3.0705261540429906e-09
8280.599633943184 -3.567762337459112e-08 -4.1894940942956483e-08
8306.677289652689 1.4048649931285473e-07 6.033492995931095e-08
8332.944721048549 -7.360486459379355e-08 -3.8065373082835885e-08
8360.818748141199 6.971486924993809e-09 1.6989202662287338e-08
8388.692775233849 7.757564230969774e-09 -1.2496985993763313e-08
8416.566802326499 -7.665346662068928e-08 9.86437331176675e-09
8444.440829419149 2.978315044053143e-08 6.784209909716423e-08
8472.314856511799 1.3125875132276198e-08 1.513403565691105e-08
8500.188883604449 7.040008295219568e-08 8.46712449727934e-08
8528.595964552118 -2.933098520817419e-08 1.898899060253073e-08
8558.31279484014 6.676266659677916e-08 1.781640282874329e-08
8588.029625128162 -1.7028412288982314e-08 1.7429352473034747e-08
8617.746455416183 -2.1418047192018818e-08 -5.3683758724420284e-08
8647.463285704205 -2.6799282291964205e-08 -4.204806193945012e-08
8677.180115992227 -4.4112943440777607e-08 -3.4397733190192525e-08
8706.89694628025 -5.9001195001352235e-08 -4.481587222339453e-08
8738.302884741814 2.8322671705242477e-08 6.470857432387905e-09
8769.905766068194 4.425660592814912e-08 5.514047677701475e-08
8801.508647394574 -5.002027623766994e-09 -1.2539367213642367e-08
8833.111528720954 2.961323167371836e-08 4.551483502613862e-09
8864.714410047334 1.2483826709448688e-07 3.815251579586866e-08
8896.317291373714 1.3965005369316264e-08 9.657538551229052e-09
8929.620239044274 7.52735170634368e-09 -7.064021397240691e-10
8963.147427770155 2.6789350192697506e-08 1.4111482300496735e-08
8996.674616496033 -4.7062750393774754e-08 -2.3665822257011943e-08
9030.201805221914 4.485308948671122e-08 -1.3700921151747818e-08
9063.728993947792 5.060613791259252e-09 -1.5078865542263007e-09
9097.680179158835 -5.434327185440612e-08 -2.0052268456975677e-08
9133.166443450536 -5.945024743284687e-08 -5.3929325800937554e-08
9168.652707742236 -8.089731125157746e-09 -2.3042849681111612e-08
9204.138972033938 -4.683649501771389e-08 -3.2805449357744374e-08
9239.625236325637 4.276739728430212e-08 1.701725152819517e-09
9275.111500617339 1.5230803402275252e-08 8.76116752264404e-09
9312.312243349737 1.2174840162742502e-08 1.0771827509618962e-08
9349.7869023902 -2.9122111704366215e-08 -3.353746637073195e-08
9387.261561430663 -1.1528603125269267e-08 -6.410377436794562e-09
9424.736220471128 1.7516293995923084e-09 -9.265192255778164e-09
9462.210879511591 4.997777168063101e-09 -3.828624570777618e-08
9501.28032759698 -3.7126512716269194e-08 -5.065826681741849e-09
9540.768228728208 -1.3922801488344573e-08 -4.93416217212002e-09
9580.256129859436 -1.6578443267832334e-08 -1.779978799192734e-08
9619.744030990665 -3.0198855800909015e-09 -1.5380005971644214e-08
9659.231932121893 -3.1697416796251047e-09 -2.0526532630759726e-08
9700.71293473938 -3.827879430729731e-09 8.094553310015035e-10
9742.233473612598 2.2677900146508077e-08 4.041877273999121e-08
9783.754012485817 3.578261625691403e-08 1.6906343939123497e-08
9825.274551359034 3.295086335805083e-08 4.546096898362757e-09
9867.623506012038 -9.056511979271864e-08 -3.070513839470682e-08
9911.192040407286 1.0209584278305813e-09 -1.7823653428966866e-08
9954.760574802533 -6.410197797944675e-08 -4.387862381548429e-08
9998.32910919778 -2.2671851050387546e-08 -2.2382645315666295e-08
10041.987223372746 -8.366590109991241e-08 -8.553813189099865e-08
10087.61244519238 -8.045790720605541e-08 -1.347967443585963e-07
10133.237667012014 3.1048578706714045e-08 3.3449487296242875e-08
10178.862888831649 5.6019962529638064e-08 7.84551309581608e-08
10224.488110651282 1.360362627327098e-07 1.126487795885519e-07
10271.924728684906 2.12013235104316e-07 2.029312579291374e-07
10319.610246894186 1.4551151759631962e-07 2.001452454904097e-07
10367.295765103465 2.408686409039201e-07 2.4899789083929164e-07
10414.981283312747 7.165645166911639e-07 6.886516719305226e-07
10464.508697201338 4.954688001445173e-07 7.080773882534473e-07
10514.252765543793 4.2083763334733596e-07 4.256649031880465e-07
10563.996833886249 3.6085682888747596e-07 4.4250831165130976e-07
10613.895213728745 2.5810178750955584e-07 3.2399108965300884e-07
10665.691215357543 1.5976857130387274e-07 1.8671973446573186e-07
10717.487216986337 1.974926268198131e-07 1.9924325507450688e-07
10769.283218615135 4.336578361409326e-07 4.2676269334736977e-07
10821.909373987828 4.028853001627961e-07 4.6869809082142927e-07
10875.745234974485 2.127429866233772e-07 2.8750149909023933e-07
10929.581095961144 -4.4045675894333135e-08 4.2915576524274135e-08
10983.416956947802 5.956921881552562e-08 2.90744791277004e-08
11039.027866235643 1.893178852834445e-08 -6.002658252364667e-10
11094.88606700571 -4.552845238033212e-10 -2.0734504848804034e-09
11150.744267775779 3.1887695139668883e-08 6.034308464364633e-08
11207.554535440748 8.352628970374252e-08 9.77560656913175e-08
11265.41182677154 5.575315927745095e-08 6.141639552802491e-08
11323.269118102333 4.883868520198634e-08 5.311945925647577e-08
11381.505562780663 -4.845505604859561e-09 -2.3087984016741602e-10
11441.334450233217 1.0051887644582337e-07 1.0628016448058834e-07
11501.163337685774 1.8788673281069788e-07 2.43208070633781e-07
11561.024373882126 1.8144868217315409e-07 2.1146049180601199e-07
11622.791756440429 2.833007060022145e-07 2.6032517446393706e-07
11684.55913899873 3.6238574483137975e-07 4.1149086120106105e-07
11746.326521557032 8.519524668640967e-08 1.950972722187946e-07
11809.882061849927 1.326191329089865e-07 7.315285783612159e-08
11873.550673539736 9.886121382762549e-07 7.743308409294129e-07
11937.219285229547 1.1585427825590866e-06 1.2307185134128179e-06
12002.666900864226 2.9935285333717105e-06 2.6625275945349414e-06
12068.19576257237 1.0107162366277591e-06 2.0295589470438427e-06
12133.8277340145 1.98092906178601e-07 4.848570788192036e-07
12201.170648091473 9.96722608969385e-08 7.196221783295832e-08
12268.513562168448 1.2280944849566226e-08 -7.88195709646525e-09
12336.271939520126 1.318101231270802e-07 8.252596328631337e-08
12405.379338163371 1.7505422680805702e-07 1.6856437247718623e-07
12474.486736806613 3.4794991095133757e-07 3.326747596247183e-07
12544.426294009352 3.648012569567028e-07 4.3971684539199437e-07
12615.245548383818 3.276069400399546e-07 3.945783297356877e-07
12686.064802758288 1.5351711846942385e-07 2.643737663895949e-07
12758.214174227092 1.499020743957867e-07 1.890533657537715e-07
12830.689391723736 4.407870807043087e-08 7.250977902738066e-08
12903.454688459426 -2.3506850662431177e-08 -2.0472899749213213e-08
12977.526881269887 1.1952650952316147e-08 1.6915816682390526e-08
13051.599074080348 1.238787776949337e-07 1.600709845478101e-07
13126.618367711602 1.9419994806528806e-07 2.1000377642467361e-07
13202.226621143649 8.897711080332026e-08 1.3251432939315992e-07
13277.987502119266 3.063596847352737e-08 3.4091869185976334e-08
13355.068644732017 -7.221932255757717e-08 -1.0574829178253624e-07
13432.149787344768 -5.7206152623636125e-08 -7.873691053323993e-08
13510.129543514911 1.4190685739287994e-07 1.2540058429264845e-07
13588.617650404605 1.3439445979374283e-07 1.5729188229466084e-07
13667.397955837012 2.0961414000966858e-07 2.3514783003912623e-07
13747.226787376223 2.3768749569225893e-07 2.863716372096759e-07
13827.055618915432 1.350902543434548e-07 1.597364638624922e-07
13907.951401391436 1.8104855009071027e-07 2.0421909219931657e-07
13989.053674605277 2.259638527161522e-07 2.876193133786868e-07
14070.752502023352 1.4372015968723585e-07 2.1350414884799858e-07
14153.059625444603 1.9369692975028966e-07 2.1785187574955174e-07
14235.578876385078 1.6552760514154383e-07 2.390515019533428e-07
14319.022193679093 1.3720152475421167e-07 1.8059675241784147e-07
14402.465510973108 2.1425012825852686e-07 2.733103936839085e-07
14486.87997039231 1.9363134319757038e-07 2.6473851866552315e-07
14571.390822548074 1.2588835829718879e-07 1.6385471989413004e-07
14656.56235023029 3.1984368937575325e-08 6.268133014269669e-08
14742.071996286859 7.481171682983636e-08 7.96398016939118e-08
14827.990205000597 -2.3184411134121665e-08 9.393347510685982e-10
14914.429455141179 7.884834937481935e-08 1.6321008688394953e-08
15001.076903867686 1.4585694136749938e-07 1.3704363663738909e-07
15088.378523254698 1.705012250713819e-08 6.333565497045149e-08
15175.73190646426 5.030961725755172e-08 7.600025148441735e-08
15263.829116000916 1.7419862755876117e-07 2.1919565053436307e-07
15351.926325537572 1.25555851273595e-07 2.2529170894974133e-07
15440.686187201696 1.5533839030620122e-07 1.9396412006028973e-07
15529.512904667108 1.2578109030315957e-07 1.4864926204349844e-07
15618.850728825693 1.357068058216536e-07 1.2840806440147357e-07
15708.3417743692 1.0769475358930425e-06 9.31793889922738e-07
15798.221373151191 7.009071834709657e-07 1.0626005347789616e-06
15888.313669604016 1.730332697279819e-07 4.3467875057197963e-07
15978.69586849859 2.3503230672284072e-07 2.7369490852148735e-07
16069.327726060339 2.479909794685167e-07 3.4167689204021403e-07
16160.170902157848 6.618688075303023e-08 1.355405442132446e-07
16251.282048783627 7.329446513244133e-08 7.390585114005555e-08
16342.542781913784 1.3263049749365495e-07 2.0470465933073125e-07
16434.074664986256 2.1978887905279228e-07 2.7853284838112036e-07
16525.708374020574 1.2201592197779586e-07 1.981180554782121e-07
16617.60423907186 3.0381748868660837e-07 3.34398360576043e-07
16709.56574730793 2.3461466762993318e-07 3.111007514851394e-07
16801.770961335595 1.9386517142682645e-07 2.5197479786400943e-07
16894.01504854679 2.0140469683666334e-07 2.576295232349134e-07
16986.47672116304 1.9755934967748927e-08 1.1000803929818114e-07
17078.95821985048 -2.4482657357002642e-09 -1.5400493938169564e-08
17171.62497984028 5.4767428037767724e-08 4.726164396513663e-08
17264.298978490195 -8.312707980863744e-08 -4.432606996391353e-08
17357.12203480876 -1.6213218565199434e-07 -1.783428182304642e-07
17449.945091127327 -1.44282028482079e-07 -1.9461472437603583e-07
17542.87765526064 9.073477127422059e-08 8.581022256354961e-09
17635.810284210926 2.1348548128274635e-07 2.418226903210964e-07
17728.803975168274 8.07480640124059e-08 1.8140319807110117e-07
17821.80054897504 3.171454329136103e-08 3.3845990369447437e-08
17914.815719011804 3.8806705360075314e-08 7.432754062023968e-08
18007.832687209546 1.8743121078245862e-07 1.8568042210634496e-07
18100.838138887364 4.6024684663572455e-08 1.3794548443360375e-07
18193.841857408755 2.0962146626594017e-07 9.709108940731124e-08
18286.832239131247 6.803336723539046e-07 1.1685408189517668e-06
18379.81981655569 2.5743045531025837e-06 4.092450977281954e-06
18472.794764397127 -2.6676071887794305e-05 -4.39356182813366e-05
18565.766211669627 0.0005274775326327159 inf
18658.73765894213 -inf 
