wavelengths_angstrom spec1d_cal_photlam spec1d_cal_opt_photlam
7367.449515614561 inf inf
7386.83610197099 0.1020561714970576 0.0558573502364111
7406.22268832742 0.009885071999062996 0.00797416005919252
7425.6092746838485 0.00248041238937864 0.0024522819531001107
7444.995861040278 0.0012287128284942418 0.001287674724046875
7464.382447396706 0.0009146029811797524 0.0009694589964379024
7483.769033753135 0.0007395267969850266 0.0007862920713647871
7503.155620109565 0.0006937505398292578 0.0007140844674675465
7522.542206465993 0.000665373459337475 0.0006953692849126197
7541.928792822422 0.0006570826141302398 0.000691314413357425
7561.315379178851 0.0006679692109191475 0.0007084020851199825
7581.5826899639205 0.00066098258791453 0.0007121600603089003
7602.564706630394 0.000663392307550093 0.0007150072125116017
7623.546723296868 0.0006683221034140887 0.0007214969887750797
7644.528739963343 0.0006628406943790874 0.0007183628791704096
7665.510756629816 0.0006607986104253875 0.0007146263426554718
7686.492773296291 0.0006580859197995146 0.0007152467305737919
7707.474789962764 0.0006584312016962496 0.0007126284426900893
7728.456806629238 0.0006632480986128465 0.0007182888263773402
7749.438823295712 0.0006623260275860496 0.0007129074872745765
7771.242427945295 0.0006601310848044239 0.0007122873643543147
7793.878684847406 0.0006618028294709524 0.000717499292539788
7816.514941749517 0.0006593963314501319 0.0007138350961544868
7839.151198651627 0.0006526093957687865 0.0007108511066991044
7861.787455553737 0.0006482539869055578 0.0007061886395118688
7884.423712455848 0.0006481204434328562 0.0007058138743101898
7907.059969357959 0.0006468594650037896 0.0007050546127369724
7929.696226260069 0.0006446472801362899 0.0006997276669959645
7952.507075966373 0.0006465895870970961 0.0007053931160514113
7976.837719191626 0.0006438902264985768 0.0007041679915753102
8001.168362416879 0.0006471203866255383 0.0007015716476727702
8025.499005642133 0.000642131027133415 0.0007001203216682164
8049.829648867386 0.0006426856680931854 0.0006985307700386981
8074.16029209264 0.0006401181865153516 0.0006985533320538617
8098.490935317893 0.0006355505213952565 0.0006948335920804705
8122.821578543147 0.0006402062097256042 0.0006967869385840507
8147.665772544836 0.0006382726192836076 0.0006928132172857246
8173.743428254341 0.0006304634590126059 0.0006924159289506545
8199.821083963847 0.0006269401748094759 0.0006860864305106556
8225.898739673352 0.000628057684288299 0.000686463267258448
8251.976395382857 0.0006202298248847235 0.0006799773681592711
8278.054051092362 0.00061134023212496 0.0006699519985920831
8304.131706801867 0.0006098921373870812 0.0006688938762563902
8330.223784544867 0.0006038573725434874 0.0006633905747814984
8358.097811637517 0.0005997908746129886 0.0006588272787533864
8385.971838730167 0.000593037433162837 0.0006608125352023506
8413.845865822817 0.000605188247778734 0.000667819811506234
8441.719892915467 0.0006036315966696656 0.0006646428319184675
8469.593920008117 0.0005924457125197089 0.000653725375624267
8497.467947100768 0.0005531171935694571 0.0006227817755072971
8525.69514193199 0.0006005154071071513 0.000657421946135479
8555.411972220012 0.0006196030778278443 0.0006829522726713268
8585.128802508034 0.0006188337121581666 0.000683554981961117
8614.845632796058 0.0006326945032941229 0.0006929494383201069
8644.56246308408 0.0006164798164361726 0.0006864506665728995
8674.279293372101 0.0006284526300599038 0.000692471248069541
8703.996123660123 0.0006378493281488461 0.0007041247579907227
8735.217954346335 0.0006071133363063676 0.0006791925512399596
8766.820835672715 0.000630760856513367 0.0006915687665584147
8798.423716999096 0.000647131477506238 0.0007107138482293228
8830.026598325476 0.0006262217860325604 0.0006964606925236401
8861.629479651856 0.0005920298399490327 0.0006643057097454883
8893.232360978236 0.0006340373410186148 0.000694700699560669
8926.347466460433 0.000647661734410096 0.000713390448544311
8959.874655186313 0.0006424058093105042 0.0007051738527076854
8993.401843912192 0.0006001509646713678 0.0006739798578767282
9026.929032638072 0.0005987725927927792 0.000668809767194168
9060.456221363951 0.0006363417592993868 0.0006988929700511549
9094.216170475423 0.0006390180745277382 0.0007096179550095321
9129.702434767123 0.0006388161841244318 0.0007036083376225577
9165.188699058825 0.0006260173728474092 0.0006960915128744565
9200.674963350526 0.0005855725915156806 0.0006582613452996898
9236.161227642226 0.0005790646897510551 0.0006503288353193384
9271.647491933927 0.0006188158363942902 0.0006798833173123367
9308.654136560672 0.0006223509955093692 0.0006895388765394287
9346.128795601135 0.0006217081070598728 0.0006898569212642965
9383.603454641598 0.0006214579504046736 0.0006877867742559992
9421.07811368206 0.0006142784988215768 0.0006836344121815236
9458.552772722525 0.0006094630191683853 0.0006780030043959695
9497.42569721707 0.0005911729578053351 0.0006592934006516293
9536.913598348297 0.000552532314955085 0.000627688407541462
9576.401499479527 0.0005822173248471503 0.0006466034634230579
9615.889400610755 0.0005965280518801919 0.0006629949394290662
9655.377301741984 0.0005995922074605527 0.0006667511428533377
9696.659887452844 0.0005982756899031102 0.0006649556322439422
9738.180426326062 0.000592245869562339 0.0006586663198829205
9779.700965199281 0.0005915010857626254 0.0006563278025355495
9821.221504072499 0.0005867888123525087 0.0006554032291609544
9863.370542661822 0.0005845459875489664 0.000649905570065716
9906.93907705707 0.000576594236000785 0.0006426587340491077
9950.507611452318 0.0005757053324282129 0.0006401594233451697
9994.076145847564 0.0005553816990918904 0.0006241741678599006
10037.644680242813 0.0005240800379166914 0.000596606229011819
10083.158717314273 0.0005499398429472901 0.0006098245993476926
10128.783939133908 0.0005580363923833124 0.0006259101808036524
10174.409160953543 0.0005528837154538474 0.0006213130388235046
10220.034382773178 0.0005595456376237449 0.000621681327676097
10267.269883988036 0.0005582014944786621 0.0006223492108321381
10314.955402197316 0.0005530151819571296 0.0006174558898689117
10362.640920406599 0.0005474377922163704 0.0006100694692342779
10410.326438615877 0.0005448605778027715 0.0006083175886429492
10459.652906147367 0.0005438797790480035 0.000605786815297908
10509.39697448982 0.0005403965126915061 0.0006012240998662706
10559.141042832278 0.0005330311052453202 0.0005937396213972223
10608.885111174734 0.0005247800210092435 0.0005891512046008867
10660.635123853142 0.0005058736836892265 0.0005720248773669227
10712.431125481937 0.0005035787459795062 0.0005652733384464004
10764.227127110735 0.0005118297329026784 0.0005709958188519838
10816.65416063531 0.000511772544911198 0.0005728966544023887
10870.490021621968 0.0004945322910432109 0.0005589424676307875
10924.325882608626 0.0004637940437112175 0.0005299709198793726
10978.161743595283 0.0004845861807987759 0.000542555423193085
11033.575241216657 0.0004928310719772031 0.0005531197743959762
11089.433441986723 0.000494629194584116 0.0005554327176992387
11145.291642756792 0.000489514080919669 0.0005508130761682601
11201.906768239302 0.0004932303825934902 0.0005516914847094589
11259.764059570094 0.00048312263246859437 0.0005424549946623179
11317.621350900887 0.00047315696903772676 0.0005322495293222711
11375.66533727958 0.0004737609474573446 0.0005343968356758902
11435.494224732136 0.0004728018853997043 0.0005332067482521039
11495.323112184693 0.0004714453446391633 0.0005293804864986058
11555.151999637246 0.00046779115532522545 0.0005249754907577884
11616.762303811243 0.00046005543045496455 0.0005176324737597912
11678.529686369546 0.0004580365068899348 0.0005153648838053681
11740.297068927846 0.0004512185110055809 0.0005108310355456732
11803.66701982856 0.0004521001251794109 0.0005071267345419283
11867.33563151837 0.000445372809844608 0.0004991785524144654
11931.00424320818 0.0004412763053931293 0.0004956971722244333
11996.270269646435 0.00043304500772784767 0.0004897599806019488
12061.799131354579 0.0004335197999241112 0.0004887516134116501
12127.327993062723 0.0004294208558698864 0.00048559351652375447
12194.596937282939 0.0004263007865817226 0.00048235843190677364
12261.939851359912 0.000420122425298692 0.0004759851179539936
12329.52598770563 0.00042053357094152513 0.00047360493488063816
12398.633386348876 0.000415162413479957 0.00046795322603522885
12467.74078499212 0.00041286736174763323 0.0004647095024033876
12537.513238577838 0.00040639976480543176 0.0004597042521982034
12608.332492952304 0.00040336805543737933 0.0004547677123027742
12679.151747326774 0.0003960076463238946 0.0004484726682353988
12751.139471162356 0.00038422560661919783 0.0004356743077556013
12823.614688659 0.0003726042853315259 0.0004257064170819465
12896.22409588463 0.0003834792405777221 0.00043185435935084196
12970.296288695092 0.0003807634830860712 0.0004318980317374984
13044.368481505553 0.0003809725073693114 0.0004302101216395888
13119.237831843604 0.00037556981119541235 0.0004243198310509089
13194.84608527565 0.00037582682741274656 0.00042388286674305086
13270.463189468517 0.00036677399142068197 0.0004163373822350772
13347.544332081268 0.0003653531359327674 0.0004120004693258689
13424.62547469402 0.0003609670628825403 0.0004065842283443123
13502.467889372465 0.0003574152558591131 0.0004014595314018094
13580.955996262159 0.00035375548289043004 0.00039793933927398644
13659.605426215821 0.0003482626343717536 0.0003923892931835692
13739.434257755032 0.00034851810928784687 0.0003873674663052378
13819.263089294245 0.00034389492149851684 0.00038167187580192874
13900.03456415132 0.0003403752200469515 0.0003764837147460593
13981.136837365158 0.0003360593337540202 0.0003723213982312011
14062.718052753227 0.0003330659014461436 0.00036890320600740765
14145.025176174478 0.00032751808788035957 0.00036426989334160454
14227.433517005933 0.0003233282507058808 0.0003596890200648861
14310.87683429995 0.00031969707251473323 0.0003547915141930452
14394.320151593965 0.0003155773697635131 0.00035218976731182767
14478.63040308639 0.0003090812535773693 0.00034722813202348323
14563.141255242152 0.00030788999801864607 0.0003444563019879469
14648.215285179413 0.00030597339526327406 0.00034290005517610635
14733.724931235984 0.00030210990391718525 0.00033934828080962924
14819.552396201865 0.0002921334236564698 0.00033075806629475236
14905.991646342447 0.0002872533805827588 0.0003271795430473585
14992.55491448197 0.000285370367364208 0.00032225903022405615
15079.856533868982 0.00028165268881998886 0.0003184714926712608
15167.158153255996 0.0002769327930071925 0.00031415005675273654
15255.229464701732 0.0002776980007042032 0.00031340286856444157
15343.326674238388 0.0002735724505995745 0.00030817527120791745
15432.01532463668 0.0002667212583990642 0.00030434177564903303
15520.842042102091 0.00026589931776060656 0.0003018247064479927
15610.115017557184 0.0002668876667383983 0.00030220463766762035
15699.606063100691 0.000264301569752806 0.0002996355719802622
15789.426970487224 0.00026099624859204706 0.00029582943111277287
15879.519266940053 0.00025219218116703 0.0002892610348965146
15969.848796318578 0.0002529301676088159 0.00028939186645693144
16060.480653880326 0.0002497528371636781 0.00028567959698306644
16151.277043946317 0.0002491001691710325 0.0002843789057501542
16242.388190572095 0.00025038372468432857 0.0002824057194560068
16333.607853312516 0.00023913248154103093 0.00027595801216441366
16425.13973638499 0.00023496462396730057 0.0002712268967382381
16516.737915144127 0.00023560610335666035 0.00027158096797206014
16608.633780195418 0.0002365795885943706 0.0002686785488815194
16700.565091183005 0.0002261711764004069 0.00026267119468177376
16792.770305210674 0.00022026407615593878 0.0002549030659433073
16884.989358093928 0.00022097549925812008 0.0002563203504362776
16977.451030710174 0.00022585452894919423 0.00025682149422200096
17069.91270332642 0.00022198971401060004 0.00025458072549563646
17162.579269685226 0.00021775739814292516 0.0002485356019915596
17255.246029675025 0.0002087086048123463 0.000238586239197183
17348.061067712722 0.0001975594475951915 0.00022731956776528766
17440.88412403129 0.00020020059505646614 0.00022946818403560238
17533.805992179685 0.0002008324161271898 0.00022727772796957369
17626.73862112997 0.0002021357058224113 0.00022539568111879164
17719.72607007953 0.0001950157101686777 0.00021607078747633087
17812.722643886293 0.0001866011598724241 0.00021101351390442752
17905.735823114817 0.00018558023253005624 0.00021578540415690038
17998.752791312556 0.00019720762941580617 0.00023811757455472174
18091.75953636388 0.00022691067860961417 0.00029800471363783864
18184.76325488527 0.00031576245068167604 0.00042062396684115403
18277.75521222867 0.000607856259614408 0.0007747628775357012
18370.74278965311 0.0014082431648337963 0.0019635458179709034
18463.71931204706 0.006050530178029819 0.010635590920931063
18556.69075931956 0.054253840662551955 inf
18649.66220659206 inf inf
