wavelengths_angstrom spec1d_cal_photlam spec1d_cal_opt_photlam
7374.791035992961 inf 
7394.17762234939 0.08575462155133141 0.05463539654059045
7413.5642087058195 0.008419319828891086 0.006120504122642444
7432.950795062248 0.002257836348084897 0.0020684849689622553
7452.337381418678 0.0011083093747617286 0.0012163895737052465
7471.723967775106 0.0008743264189290015 0.0009576531679521815
7491.110554131535 0.0008096909417754192 0.0008516930144086377
7510.497140487964 0.0007993865784162385 0.000841725975058909
7529.883726844393 0.0008046236836847226 0.0008423235546855567
7549.270313200822 0.0008435407854239398 0.0008764834149023196
7568.656899557251 0.0008629831345695871 0.0009123876861154778
7589.528384997835 0.0008563715488341272 0.0008950774516433252
7610.510401664309 0.0008278224332867479 0.0008737686484190999
7631.492418330783 0.0008119389523713998 0.0008571965396941984
7652.474434997257 0.0007589252759963662 0.0008076109892473114
7673.45645166373 0.0006355161200312097 0.0007037622354458695
7694.438468330205 0.0006571049810603262 0.0006959361745955082
7715.420484996678 0.0006843474778306342 0.0007403553722724014
7736.402501663152 0.0007540064039274907 0.0008004622338034768
7757.384518329627 0.0007581757991037175 0.0008085584814808517
7779.81456840789 0.0007692793383869325 0.0008123388493437245
7802.45082531 0.0007933767220584505 0.0008440651050548069
7825.0870822121105 0.0008227930038109132 0.0008789274348297845
7847.723339114223 0.0008257352025468739 0.0008891335511239086
7870.359596016333 0.0008547971802830502 0.0009103946322029648
7892.995852918443 0.0009141192387294218 0.0009691891280040121
7915.6321098205535 0.0009239023806538331 0.0009834076289930351
7938.268366722665 0.000948589999463361 0.001009407836773769
7961.720864808499 0.000989395188116854 0.001053899191629663
7986.051508033752 0.0010176835951119182 0.0010763123098474076
8010.382151259005 0.0010512894372172225 0.0011147006011008897
8034.712794484259 0.0010734875943253913 0.0011476897257772353
8059.043437709512 0.0010785025251261434 0.0011545522417352471
8083.3740809347655 0.0010940535669748486 0.0011746327149090776
8107.7047241600185 0.0011179823326336754 0.0012089630430683045
8132.0353673852715 0.0011678886129338983 0.0012420871000929032
8157.5411388054235 0.001170824147228739 0.001248704102013438
8183.618794514928 0.0010729786939873717 0.0011741954006810056
8209.696450224432 0.0010886307707321703 0.0011732281938382715
8235.774105933937 0.0011647638995685922 0.001234342472111894
8261.851761643442 0.0011919330056727906 0.0012713199776954217
8287.929417352947 0.001180812188977089 0.001272668265880344
8314.007073062452 0.0011578429749017755 0.0012525726910174863
8340.779419980958 0.0011394033025899583 0.0012303406923824922
8368.653447073608 0.0011226507031497275 0.0012125756404740412
8396.527474166258 0.0011052330740717565 0.0012026227298847756
8424.401501258908 0.0010620157124055748 0.0011675285702711976
8452.275528351558 0.00099261963686629 0.0010977711981014224
8480.149555444208 0.0009791435697471332 0.0010757845867612266
8508.023582536858 0.000982051989564674 0.0010825270002687492
8536.948629840066 0.0010019461798514066 0.0011088321049126056
8566.665460128088 0.0010743398188053821 0.0011705662152717657
8596.382290416112 0.001124086392382114 0.001219421367570236
8626.099120704133 0.0011591821159059011 0.001268303841749939
8655.815950992155 0.0011613385557969593 0.0012706468906210076
8685.532781280179 0.001135221727402268 0.0012529484436627678
8715.58279095689 0.0012299816207625718 0.0013185247149195257
8747.18567228327 0.0012829477914366994 0.0013941785569210267
8778.788553609651 0.0012956706066784697 0.001409990649827733
8810.391434936031 0.0012946623538925472 0.001415865284857302
8841.994316262411 0.0013122608070468473 0.0014274014852814112
8873.597197588791 0.0012634287543910952 0.0013855633505757913
8905.516713029356 0.001277821163363019 0.001396507336829732
8939.043901755234 0.001300603565051598 0.0014310120962953822
8972.571090481115 0.0013225042283056606 0.0014457925052901986
9006.098279206995 0.0013303734695283497 0.0014608461105091234
9039.625467932874 0.0013629865908918201 0.0014910462504181474
9073.152656658754 0.001388224699171462 0.001525228574866627
9107.654489510089 0.0014202892728849437 0.0015454839600301234
9143.14075380179 0.0014477150009972058 0.0015719459615170573
9178.62701809349 0.0014667719584678023 0.0016098915720258254
9214.113282385191 0.0014532848662112076 0.0015941088754225217
9249.599546676893 0.001431487557344191 0.0015750926017456593
9285.370783197284 0.0014065937671664008 0.0015379891309802763
9322.845442237749 0.0013974786671365057 0.0015442962972255056
9360.320101278212 0.0014302877625807827 0.0015642713954952016
9397.794760318675 0.0014397148353581524 0.0015884080111528687
9435.26941935914 0.0014566827848767855 0.0016009733192884578
9472.891497863206 0.0014763647710227515 0.001613768655756785
9512.379398994433 0.0015207614936646517 0.0016528720944921891
9551.867300125663 0.0014959174378963833 0.0016510638426200618
9591.35520125689 0.001520575750736179 0.0016669074676993096
9630.84310238812 0.0014952403344174138 0.0016584192123801883
9670.862791410436 0.0014820366245583661 0.0016352808381965762
9712.383330283654 0.0014919012589786342 0.0016521515826632056
9753.903869156871 0.0015069841903116775 0.0016634407780950929
9795.42440803009 0.0015236936848773111 0.0016803104901070784
9836.94494690331 0.0015744118433840338 0.0017340874065528988
9879.869542394885 0.0015788927076533046 0.0017358178827146715
9923.438076790131 0.0015257854751858136 0.001692353590856158
9967.00661118538 0.0015553737395286064 0.0017093499262359909
10010.575145580628 0.001567667366380855 0.0017331962555408495
10054.81134367273 0.001575518663528044 0.0017352601597118475
10100.436565492366 0.0015939796923697173 0.0017553908500773918
10146.061787312 0.0016045259188958978 0.001774410231423281
10191.687009131634 0.0016183122996940057 0.0017825981275749509
10237.642429083537 0.0016230112080745053 0.0017881417910398088
10285.327947292817 0.0016160415507295886 0.0017831180410614249
10333.013465502097 0.0016019288144817287 0.0017820180716079427
10380.698983711378 0.001618632844779 0.0017984144837531405
10428.746454945256 0.0016496326734835483 0.0018205566406748384
10478.490523287712 0.001673421908645831 0.0018508376011672997
10528.234591630167 0.001679996558814257 0.0018568499448704662
10577.978659972623 0.001696489190444862 0.001878387777704126
10628.45378746175 0.001703117323396635 0.001883635937532844
10680.249789090549 0.0017063248227709544 0.0018903838001706902
10732.045790719347 0.0017301796200133238 0.0019210242290141546
10783.841792348141 0.0017363009845110565 0.001929638662219076
10837.04130168509 0.001762210218793909 0.001952376890459145
10890.877162671748 0.00177614415434491 0.0019658578984909853
10944.713023658403 0.001763281080740667 0.0019593549164162232
10998.870022808447 0.0017741005327526105 0.001965926356824842
11054.728223578515 0.0017616955453735963 0.0019613684406170123
11110.586424348583 0.0017680140429374694 0.001961242225981399
11166.44462511865 0.001776403661960449 0.001974013734431199
11223.816787648322 0.001771486554457463 0.0019741813675200532
11281.674078979113 0.0017893066928752514 0.001996065068126761
11339.531370309905 0.0017765971895498972 0.0019823513205096633
11398.32198184683 0.0017410664007608179 0.0019414988640811923
11458.150869299387 0.001775922544821873 0.0019732902400683323
11517.979756751944 0.0017956277665599964 0.0020041370000503382
11578.385655930777 0.0018041204522143309 0.002015464976629251
11640.15303848908 0.0018007877341420788 0.002011062274059261
11701.92042104738 0.0017832139555012975 0.0020003856757674658
11764.10912064849 0.0017767822346262685 0.0019932643624056
11827.7777323383 0.0017869167982367228 0.0020061657473210382
11891.44634402811 0.0017912818140903418 0.0020061834005313884
11955.556579869997 0.0018023530808927465 0.002025278778016795
12021.085441578141 0.0018080943122614002 0.002032112508042842
12086.614303286286 0.0018319790846649693 0.0020581544582920783
12152.756159938404 0.0018435473799235623 0.0020703145341836584
12220.09907401538 0.0018534534510268618 0.002084136795752033
12287.441988092352 0.0018745473003681239 0.002099578245345473
12355.696318371882 0.0018697389664390188 0.002096829070039055
12424.803717015127 0.0018594305059644592 0.0020853581513754177
12493.911115658371 0.0018431237377869163 0.0020787173351353777
12564.331833126373 0.0018596719640330637 0.002092151058858671
12635.15108750084 0.0018642514221829068 0.0020958616008613868
12706.109946084072 0.0018678699641887656 0.0020944406786871737
12778.585163580718 0.0018721803008456745 0.0021039809485166637
12851.060381077363 0.0018656168858532179 0.0020923003847737637
12924.274548037101 0.0018637808614310372 0.0020953097607283215
12998.346740847563 0.0018630258412694197 0.0020981415412990112
13072.418933658022 0.0018676120637232895 0.002088035097402257
13147.869975901422 0.0018345063329108222 0.0020608524798214475
13223.478229333468 0.0018520443313184527 0.0020583814301692546
13299.653102993141 0.0017951404010209085 0.002018062179267454
13376.734245605894 0.0017076977823792868 0.0019325263496251643
13453.815388218645 0.0016573832971227694 0.0018826497722154042
13532.190607214516 0.0016613677886656718 0.0018724597088711787
13610.678714104213 0.0016636230421724946 0.0018606858928593016
13689.835864042983 0.0016668354854935453 0.0018610124643909393
13769.664695582196 0.0016805877324572987 0.0018593968079251993
13849.644969311434 0.0016605097828554566 0.001838516907401929
13930.747242525276 0.0016130901899341658 0.001793688536660725
14011.849515739117 0.001616374884915572 0.0017846012540157035
14093.886996721758 0.0015895443291220732 0.001756277488056477
14176.194120143009 0.0015690053066122823 0.0017391228908046868
14259.032727052117 0.0015518034588141323 0.0017215999840904533
14342.476044346133 0.0015634670057227055 0.0017370705334495897
14426.123026524036 0.0015652135710311965 0.0017440532381628546
14510.633878679795 0.0015771120078909703 0.0017474332266119701
14595.144730835558 0.0015589163073687442 0.001742194527231259
14680.596994755935 0.0015514537715372186 0.0017313894123921398
14766.106640812506 0.0015497563876614069 0.0017296461960425971
14852.286138219846 0.0015499537130754604 0.0017320969028869928
14938.725388360428 0.0015581373262683088 0.0017362389471118696
15025.615227732245 0.0015614103747927227 0.00174659305825925
15112.916847119259 0.0015697513242963524 0.0017503747669798237
15200.493851023288 0.0015856692864856833 0.0017676167444680767
15288.591060559942 0.0015896821265573636 0.0017725770099942487
15376.8264609135 0.0015967757817321741 0.0017737072822459731
15465.65317837891 0.0016032673383090902 0.0017877713705937673
15554.513400635236 0.0016077494195354228 0.001799843679985517
15644.004446178746 0.001622447258912481 0.0018044206747394177
15733.495491722253 0.0016311793241336238 0.0018179667474632322
15823.544087249553 0.0016517372460704738 0.0018312330574206553
15913.63638370238 0.0016599074518045718 0.0018438458903810146
16004.170239866638 0.0016631313885199248 0.0018516552227027714
16094.802097428388 0.0016573418382770796 0.0018504668141130648
16185.779989815934 0.001652158474070058 0.0018441360370403154
16276.891136441713 0.0016588251186814202 0.0018610434817980463
16368.270128170772 0.0016910156129087718 0.00188172759565515
16459.802011243246 0.0016947004419670382 0.001884381119041264
16551.538026600625 0.0017097749025340298 0.001892918170329059
16643.433891651912 0.0016978702236376067 0.0018915933008964276
16735.48235022662 0.0016854670576408274 0.0018718939813582303
16827.687564254287 0.0016838726122292912 0.001869323641784575
16920.003735625534 0.0016538053650845144 0.0018405160157335368
17012.46540824178 0.0016427963652242742 0.0018223689371252405
17105.004551912534 0.001580058497332133 0.0017666703339146287
17197.671311902333 0.001547318785696606 0.0017240157786538775
17290.389241580804 0.0015172075524428636 0.00168459599714699
17383.21229789937 0.0014729843615729709 0.0016318178459755993
17476.066087555024 0.0014354077143532294 0.0015884394006885326
17568.99871650531 0.0013873641696870265 0.001537027864192457
17661.946435922244 0.0013247436635352699 0.0014679009425949956
17754.943009729006 0.0012787492366673752 0.0013980049545406915
17847.943517733187 0.001257893910110326 0.0013744855781186508
17940.96048593093 0.0012770551206247637 0.00143417925391796
18033.975463129103 0.0014461975608581648 0.0016592244040554362
18126.979181650495 0.0018438091699488528 0.002202125073210379
18219.981167607188 0.002985469578164532 0.003407423073290407
18312.96874503163 0.005859181141041284 0.006612432202106366
18405.95528923864 0.014346500316362466 0.018637890773771253
18498.92673651114 0.07784140506301479 0.09629199193585018
18591.89818378364 inf inf
18684.869631056143 inf inf
