wavelengths_angstrom spec1d_cal_photlam spec1d_cal_opt_photlam
7374.535760086378 inf inf
7393.922346442807 0.08334246807719516 0.05317174917513966
7413.308932799237 0.0113145335383842 0.007173793986210956
7432.695519155665 0.00394894138704199 0.0024921526002006137
7452.082105512094 0.0016291142463035959 0.0012710214791231869
7471.468691868523 0.001016848548634654 0.0010037951371709912
7490.855278224953 0.000994254377838575 0.0009862818257111226
7510.241864581381 0.0010032037052047306 0.001034154831146269
7529.628450937811 0.0011008925812071087 0.0011470542353365734
7549.015037294239 0.0012157309826552995 0.0012713154665176646
7568.401623650668 0.0012882537893062534 0.0013710729597891402
7589.25210101323 0.0013371306523573886 0.0014126143967627327
7610.234117679703 0.001340140248937542 0.0014098521518368056
7631.216134346177 0.0013591981634187703 0.0014257587752063059
7652.198151012651 0.0013513502497301392 0.0014144770874520694
7673.180167679125 0.0013538861097717502 0.0014271188565101547
7694.162184345598 0.0012858819568664082 0.001369730065586557
7715.144201012073 0.0012995352765425444 0.001397661849825951
7736.126217678546 0.0013333044684116595 0.0014086813290889945
7757.108234345021 0.0013573339242733448 0.0014249307780274177
7779.516501956371 0.001334654395559675 0.001426839256412835
7802.152758858481 0.0013809313688692264 0.001470751241520198
7824.789015760592 0.0013918473170373008 0.0014766280866177588
7847.425272662704 0.0014057477604673483 0.0014984419864035065
7870.061529564814 0.00140836343308382 0.0015054068462711206
7892.697786466924 0.0014398914790903872 0.0015386701520060501
7915.334043369035 0.0014605579244240544 0.001556672124465411
7937.970300271146 0.0014679692078148883 0.0015718454510203262
7961.400487260183 0.0014204756508552376 0.001535507167600499
7985.7311304854375 0.0014638746169271292 0.0015777301362440894
8010.06177371069 0.001511261532955978 0.001615727826654734
8034.392416935943 0.0015024756827388046 0.0016223935485506704
8058.723060161197 0.0015093415027295856 0.0016226787003384108
8083.05370338645 0.0015251114404741754 0.0016386355146445456
8107.384346611704 0.0015499490977441998 0.001674114343483991
8131.714989836957 0.001568431120319447 0.001685312449879469
8157.197757197109 0.0015726332329461786 0.0017108177851022795
8183.2754129066125 0.0015863896967060083 0.0017103146923303457
8209.353068616118 0.0015367230937543292 0.0016725315859284812
8235.430724325623 0.0015513756799463295 0.0016709079799863825
8261.508380035128 0.0016006305308546946 0.0017314753822384535
8287.586035744633 0.0016284271685384386 0.0017587115433524772
8313.663691454138 0.0016093986226278295 0.001751432063748086
8340.412384371626 0.0016243572498655684 0.0017607608495709046
8368.286411464276 0.0015847096177771176 0.0017408758880371588
8396.160438556926 0.0015739118115200765 0.0017268894365602004
8424.034465649574 0.0015755167619816027 0.0017057274342742825
8451.908492742226 0.0015850853649063028 0.001745486419014755
8479.782519834876 0.0015968442268574114 0.0017522597556883933
8507.656546927527 0.0015928129341244968 0.0017485516742742871
8536.557328831572 0.0015794846774418762 0.0017406977612932904
8566.274159119594 0.0015547780834669674 0.0017274086059436006
8595.990989407615 0.001637894327071714 0.0018081665922198837
8625.707819695637 0.0016619486051320275 0.0018320228342087283
8655.424649983659 0.0016627000978160934 0.001825946400252957
8685.141480271683 0.0016373578223638978 0.0018176345461615468
8715.166655076499 0.0016317316103408252 0.0017987541199689905
8746.769536402879 0.0017125209325006396 0.001880872718650473
8778.372417729259 0.0016904841117286453 0.0018794667801422288
8809.975299055639 0.0017399110207834715 0.0019035836081173606
8841.57818038202 0.0016901504620420859 0.001883773695360725
8873.1810617084 0.00173904591641119 0.0019131436918134654
8905.075238530451 0.0017609662810735888 0.0019445380703836175
8938.60242725633 0.0017471303888080395 0.0019501885439440563
8972.129615982209 0.0017653815308527538 0.0019535193276820685
9005.65680470809 0.001769916618158685 0.0019566078603850097
9039.183993433968 0.0017786091859495145 0.0019794628312276657
9072.71118215985 0.0018084157135311687 0.0019906877724519883
9107.187218577406 0.001820046115341889 0.0020101606991581996
9142.673482869106 0.0018113761454332414 0.0020157512567498333
9178.159747160807 0.0018635902241489859 0.0020613879435485
9213.646011452507 0.0018688100897620008 0.0020611122631455044
9249.132275744209 0.001838569325368154 0.0020506503558366707
9284.877329765899 0.0018418401149697858 0.002060922318561777
9322.351988806362 0.0018651108375610716 0.002069119657202019
9359.826647846825 0.0018770559232675968 0.0020764422116137013
9397.30130688729 0.0018962534274657265 0.0021036974870792396
9434.775965927753 0.00186226677604709 0.002107364007900711
9472.371534751856 0.0018913041115970744 0.0021021220968539937
9511.859435883083 0.001893590982933566 0.0021215201525781567
9551.347337014313 0.0019048412442577325 0.002136683972677815
9590.83523814554 0.0018769410822115087 0.002118597370054389
9630.323139276768 0.0019208890149054307 0.002144352831703709
9670.316063223852 0.00190897510738182 0.002128608924806725
9711.83660209707 0.001883094825975657 0.002120302848502916
9753.357140970289 0.0019033246759260528 0.002131380367579198
9794.877679843508 0.001912987571105894 0.0021479116453170547
9836.398218716726 0.0019376137537250439 0.0021776918433412265
9879.295846907098 0.001977552074286626 0.0022034120384972584
9922.864381302346 0.0019642429396075417 0.0022109437814864545
9966.432915697595 0.0019607597419052233 0.002199877694558349
10010.001450092841 0.0019474884722501383 0.0022026306559726366
10054.21056643176 0.0019863589354974266 0.0022089127760901205
10099.835788251394 0.0019782450258046262 0.002227485685924954
10145.461010071027 0.0019885367991071706 0.0022255282990679944
10191.086231890662 0.0019790639154221843 0.0022404196425983534
10237.014522567764 0.0019932770533355945 0.0022494157915224017
10284.700040777045 0.0020188868007182193 0.002275456574729463
10332.385558986325 0.0020162367898192055 0.00225277204875569
10380.071077195606 0.0019819767034341272 0.0022505973835209255
10428.091442148789 0.002009808312776499 0.002244220811836153
10477.835510491246 0.0020378194967252657 0.002287620654269572
10527.5795788337 0.002019368815116184 0.002283599455164878
10577.323647176156 0.0020529027643936926 0.0023121904976407836
10627.771755512957 0.0020360837755826642 0.002307692414048255
10679.567757141751 0.0020480524351826268 0.002317359481276989
10731.363758770549 0.0020629981205771185 0.002333569065294016
10783.159760399347 0.0020733868501230704 0.002327888684098018
10836.332409569304 0.0020349332085165496 0.0023179629676053208
10890.168270555961 0.002040646464499907 0.0023248283745173335
10944.00413154262 0.0020657140154686994 0.0023483706064176485
10998.134501217408 0.00210154302066962 0.002370590301629133
11053.992701987478 0.002094478700647438 0.002368729861237618
11109.850902757544 0.002090749686012462 0.0023799474740116237
11165.709103527613 0.0020812813938601003 0.0023712305452373806
11223.054942719806 0.0021261111612120576 0.002393715675584935
11280.912234050598 0.0021025281600952767 0.002380723304869294
11338.76952538139 0.0020957472988649174 0.0023757534457034255
11397.534175618157 0.002114896625602036 0.0023894281542881737
11457.363063070714 0.0020798328370304924 0.002373325455197792
11517.191950523267 0.0020944685052891334 0.0023967936491921986
11577.572324264753 0.002157436647018607 0.0024347781007831304
11639.339706823053 0.0021193546496203588 0.0024164195094117033
11701.107089381354 0.002110119116582024 0.002411103625682186
11763.270754250652 0.002128537872829299 0.0024292806685580594
11826.939365940463 0.0021220059955313463 0.0024202738189010734
11890.607977630276 0.002090337716791755 0.0023989829474872675
11954.69371833923 0.002109859488866619 0.0024242457540773854
12020.222580047373 0.0021283339940624604 0.0024315978768752805
12085.751441755518 0.0021231507375081412 0.002429263975106035
12151.869411589476 0.002132536400932502 0.002445160290509588
12219.212325666449 0.002149537627804293 0.0024579040586236826
12286.555239743422 0.002161355476056212 0.002480800761994692
12354.78633589658 0.0021775082371168347 0.0024827410686274055
12423.893734539826 0.0021513988071147315 0.0024596810846987303
12493.00113318307 0.002168253818927595 0.002481581587794207
12563.399309523113 0.0021501190676069953 0.00247365495774526
12634.218563897582 0.0021388821530656387 0.0024692334107791637
12705.155617327524 0.002145649885963305 0.0024714695859685185
12777.63083482417 0.0021311604124130148 0.002467514099123602
12850.106052320814 0.002167233401716687 0.0024826684431322995
12923.29919085845 0.002141591382278859 0.0024726392735101186
12997.37138366891 0.0021463716042048435 0.0024694147822717514
13071.44357647937 0.002125212229366313 0.002460947917603603
13146.8743924044 0.002132800006715661 0.0024582372460312317
13222.482645836446 0.002074029028118669 0.0024237714679209094
13298.638124997573 0.002123500986150622 0.002459754381531904
13375.719267610324 0.0021165950649581666 0.002448644982038943
13452.800410223079 0.0021219043035388815 0.002448361503501555
13531.15710279688 0.002148372762266018 0.0024647260681701488
13609.645209686576 0.002145629753338369 0.0024565608990225235
13688.784705423926 0.0021152923054209636 0.002435859947411876
13768.61353696314 0.002123247841483816 0.0024286991899467964
13848.57704245005 0.002140893554018315 0.002433292940289322
13929.679315663889 0.0021124558480371414 0.002403094092900159
14010.78158887773 0.0020933424489357243 0.002385881255916205
14092.803204806907 0.0021095328599196475 0.002388203640364442
14175.11032822816 0.002089708417796322 0.002387735728499888
14257.933974126827 0.00211202459598983 0.002397491280192052
14341.377291420842 0.002079696490673942 0.002379863914328357
14425.010216666562 0.002101029421817799 0.0023882156964498942
14509.521068822323 0.0020890022069264052 0.0024012638655213888
14594.031920978086 0.00209004241873292 0.002400221861505284
14679.471033123631 0.002064644697722647 0.002385313889182345
14764.9806791802 0.002069396713067117 0.0023829260952485643
14851.147935880443 0.0020878562292553104 0.002391646587868819
14937.58718602102 0.002056676192263081 0.002389505936118772
15024.46567001097 0.0020680089436804164 0.0023837520441070915
15111.767289397983 0.0020082049377660085 0.0023591957756470905
15199.333817244342 0.002070793668729919 0.002392720859409239
15287.431026780998 0.0020871395409348776 0.002418473747607398
15375.656821224859 0.0020843924546276654 0.00242073038622892
15464.483538690269 0.002120347429008019 0.002447683836389273
15553.33501330277 0.0021105852180542777 0.002432801757230267
15642.826058846278 0.0021042467180529536 0.0024457179215203175
15732.317104389787 0.002103584604613821 0.0024437675928590903
15822.357782851745 0.0020790572407657936 0.0024237822782840713
15912.450079304572 0.002092866097713149 0.002428980510104755
16002.976830713578 0.002125895870573298 0.002456726350950951
16093.608688275326 0.0021086286429332687 0.0024497795379615174
16184.580269549193 0.0021139661854728616 0.0024494001847570274
16275.691416174972 0.0020649074852755315 0.002423911205317506
16367.064867791096 0.0021044914721734527 0.0024531419651677476
16458.59675086357 0.002138303527602429 0.0024547080219507744
16550.32797343134 0.002129336813655015 0.002456782865078426
16642.22383848263 0.002098388368685225 0.002437715252874538
16734.268223656327 0.002074567733235666 0.002405799137446947
16826.473437683995 0.0020322245306063865 0.0023712715319722196
16918.78623209668 0.002016975974407178 0.0023624335099379857
17011.247904712927 0.002013696119593529 0.0023570827892053204
17103.78434786363 0.00201086402726393 0.002330166516615954
17196.45110785343 0.0019450030743167832 0.0022786684785917953
17289.166979475554 0.001947829118610242 0.002264782756725585
17381.990035794122 0.0019146760378348571 0.0022187764199213186
17474.842382635023 0.0018894968372969037 0.0021959788824483803
17567.77501158531 0.0018768294812314605 0.0021485514770256437
17660.721888998345 0.0018495023456212437 0.0021135964372524293
17753.718462805107 0.001852086218188329 0.0020747812792596457
17846.71870226296 0.0019005733794456292 0.0021144403402447954
17939.735670460697 0.0019720140253806813 0.002328723061093719
18032.750822126058 0.002212312229306778 0.0028893915455594174
18125.75454064745 0.002792762408847778 0.004210914370604597
18218.75673914456 0.004038467095100171 0.007301129375929699
18311.744316569002 0.007223243016874113 0.01517288529900404
18404.73107317231 0.02224650752333894 0.04234130262229976
18497.70252044481 0.11470599456675161 0.17542930325227296
18590.67396771731 inf inf
18683.645414989813 inf inf
