wavelengths_angstrom spec1d_cal_photlam spec1d_cal_opt_photlam
7371.480595091695 inf inf
7390.867181448125 0.07686746896667858 0.07005118393415347
7410.253767804554 0.008751412398207436 0.008262981918844786
7429.640354160983 0.0022632281428152756 0.0027641766664101104
7449.026940517411 0.0012284780391867355 0.0015716491907795782
7468.413526873841 0.0009331490061085515 0.0011556572640129986
7487.80011323027 0.0008662759939470585 0.0009656023277200959
7507.186699586699 0.0008652501126692094 0.0009036447773131477
7526.573285943127 0.0008769714703582997 0.0009023837165305654
7545.959872299556 0.0008992466557955657 0.0009264469215767308
7565.346458655986 0.0009205968234877919 0.0009550824779375269
7585.945509452513 0.0009241677608327809 0.0009678084569225388
7606.927526118986 0.0009330872463150524 0.000977167008386888
7627.909542785461 0.0009389481080146627 0.0009891053611770031
7648.891559451935 0.0009361902602712142 0.0009915477443946511
7669.873576118409 0.0009369710632962063 0.0009961902922846896
7690.855592784883 0.0009316509151274532 0.0009910673515043731
7711.837609451356 0.0009286889547511818 0.0009894408302638371
7732.819626117831 0.0009455727785858718 0.0009977523371106534
7753.801642784304 0.0009336760876724298 0.0009929557137645117
7775.949215873794 0.000933178687944474 0.0009897394845260225
7798.585472775904 0.0009380022086696816 0.0009968543857804598
7821.221729678015 0.000942743775515945 0.0010024349652631589
7843.857986580126 0.0009336586676087816 0.0009972598416440365
7866.494243482236 0.0009391969844569565 0.0010031515687850677
7889.130500384346 0.0009335500429541154 0.0009964868730841688
7911.7667572864575 0.000935903176423311 0.001003915921587375
7934.403014188568 0.0009332459904393682 0.0009964542981842418
7957.566179965786 0.0009295260530125173 0.0009956043346019288
7981.896823191039 0.0009438699649795496 0.0010106162263910728
8006.227466416294 0.0009326366456630579 0.001006110761682382
8030.558109641547 0.0009387710857861721 0.0010079847679225632
8054.8887528668 0.0009327249233029022 0.0010006272631444973
8079.219396092054 0.0009361218243944387 0.001008827644972982
8103.550039317307 0.0009362483697070311 0.001008214351699945
8127.880682542561 0.0009233061250814244 0.0009963572057485185
8153.088135244987 0.0009246899302967392 0.001000346446010767
8179.165790954492 0.000925340420344405 0.0009973975293572285
8205.243446663997 0.0009170581313940059 0.0009909232198734375
8231.321102373502 0.0009216373124587183 0.0009962026725536053
8257.398758083007 0.000915036471722522 0.0009877279730395594
8283.476413792512 0.0009067937411276541 0.0009791447681059017
8309.554069502017 0.0008969169884885793 0.0009735666014453872
8336.019669209265 0.0008877463850309925 0.0009690857290848658
8363.893696301915 0.0008831352495831373 0.0009646071938512835
8391.767723394565 0.0008747076883262006 0.0009536374458290365
8419.641750487215 0.0008769160482612458 0.0009567400213849311
8447.515777579865 0.0008740415710489068 0.0009533164676593353
8475.389804672515 0.000854312023276393 0.0009354056224492464
8503.263831765165 0.0007857069923442557 0.0008802845361829355
8531.874203191002 0.0008610270299914714 0.0009068078147773098
8561.591033479024 0.0008898217949063302 0.0009593217803112841
8591.307863767046 0.0008826975965924214 0.0009643694400883404
8621.02469405507 0.0008964198594220001 0.0009781979545836442
8650.741524343091 0.0008818604129585728 0.0009666095514498051
8680.458354631113 0.000885106046478978 0.0009762588480604888
8710.186303456861 0.0009221141785708711 0.0010019686824334125
8741.789184783242 0.0008807794358341568 0.0009752524323359635
8773.392066109622 0.0009029909994916204 0.0009824395749250413
8804.994947436002 0.0009449454695225459 0.0010242137465766405
8836.597828762382 0.0009102894327736711 0.001013675829657393
8868.200710088762 0.0008557084548095015 0.0009559230664667404
8899.803591415142 0.0009322568040686922 0.0009980679610418347
8933.318820772847 0.0009707231072315867 0.0010629108639854355
8966.846009498726 0.0009720826037171723 0.001059189750066111
9000.373198224606 0.0008777506665123778 0.0009951275189178355
9033.900386950487 0.0008874167920700395 0.0009769755819793592
9067.427575676365 0.0009516251162537161 0.001029041094250408
9101.59487805583 0.0009775715630025356 0.0010787293599034894
9137.081142347532 0.000983868438036776 0.0010821885828174178
9172.567406639233 0.000969087868805342 0.0010704469036047323
9208.053670930934 0.0008752567472508463 0.0010000435745437777
9243.539935222634 0.0008603104024767188 0.0009626733505247434
9279.026199514334 0.0009343266217797959 0.0010104722014369458
9316.446293786974 0.0009755834894203428 0.0010719688360892867
9353.920952827439 0.0009795578543587533 0.001085406679577397
9391.395611867902 0.0009868426174377675 0.0010828373468018367
9428.870270908365 0.0009754585096820119 0.0010811662935950156
9466.344929948827 0.0009701812782644153 0.0010705396410550041
9505.636470631152 0.0009222434261495937 0.0010276610695882208
9545.124371762382 0.0008245225518908904 0.0009562949459556835
9584.61227289361 0.000905449462729132 0.0009778769410819902
9624.100174024838 0.0009574451770832519 0.001040342384794017
9663.772771145836 0.0009604680430931186 0.001067542121289047
9705.293310019055 0.0009651714530147505 0.0010679423940000762
9746.813848892272 0.0009622830446402493 0.0010660187858077257
9788.33438776549 0.0009597794152859581 0.0010655864794443324
9829.854926638709 0.0009591879947929145 0.0010667855992863222
9872.429807744416 0.0009493015754532324 0.0010535567065221324
9915.998342139663 0.0009390928446083008 0.0010420460924191774
9959.566876534911 0.0009331205861048315 0.0010371798816933941
10003.135410930157 0.0008903398604095128 0.0010004685268432017
10047.020410412788 0.0008069807760578295 0.0009336472930665518
10092.645632232423 0.0008695090099424079 0.0009511923524244511
10138.270854052058 0.0009129904296637929 0.0010036566676920851
10183.896075871693 0.000919651929584757 0.0010223723563417692
10229.521297691326 0.000920227719117846 0.0010272895491822834
10277.185199158837 0.000917273771463481 0.0010230215167613052
10324.870717368118 0.0009219681640922414 0.0010244422001325765
10372.556235577396 0.0009120442117068344 0.0010166318279846644
10420.252190126857 0.000910909881147523 0.0010145248975756682
10469.996258469315 0.0009021216468946614 0.001011551221186545
10519.74032681177 0.0008995567579023931 0.0010047087531067402
10569.484395154224 0.0008911848809211162 0.0009982766646725635
10619.60913584741 0.0008843466938937097 0.0009899733101970947
10671.405137476204 0.0008620025122428049 0.0009615367452652284
10723.201139105002 0.0008478008465185012 0.0009511372029252929
10774.9971407338 0.0008498181243599501 0.0009593378663715348
10827.84832501099 0.0008548277135275863 0.000955663844445038
10881.684185997647 0.0008234829029161725 0.0009288700731584241
10935.520046984304 0.0007523294694903301 0.0008720954329881411
10989.35590797096 0.00079877622850401 0.0008839725681078247
11045.189913475817 0.0008364086301046022 0.0009264877748943045
11101.048114245885 0.0008365542290236526 0.0009397597370790491
11156.906315015955 0.000842981903448339 0.0009409606727964779
11213.9371141392 0.0008356673688527467 0.0009377695770557498
11271.794405469993 0.0008287190078012626 0.0009299702284853104
11329.651696800785 0.000823364891090232 0.0009209803991167036
11388.105639863834 0.0008083105899277482 0.0009131601103852924
11447.93452731639 0.0008171309685826169 0.0009170802323650933
11507.763414768944 0.000809106613983004 0.000909593121035089
11567.838297781915 0.0008031772678242393 0.0009034497861759031
11629.605680340215 0.0007958913173786973 0.000897868192639884
11691.373062898518 0.0007943229439689559 0.00089431547852
11753.237109847329 0.0007847690106393825 0.0008867862147810572
11816.90572153714 0.0007842212753609112 0.0008827877772060111
11880.574333226949 0.0007743780477268451 0.0008711285405192349
11944.366913983302 0.0007704346229417931 0.0008641143471033724
12009.895775691446 0.0007556772310228295 0.0008552281251313467
12075.42463739959 0.0007534444851808395 0.0008499902010316978
12141.256727646814 0.0007508326699203181 0.0008484171530249891
12208.599641723787 0.0007463880419869919 0.0008423914485323232
12275.942555800762 0.0007405057391526157 0.0008332162489888726
12343.895583841184 0.0007324928035710802 0.000829511388261982
12413.00298248443 0.0007253335316119069 0.0008224031181221925
12482.110381127673 0.0007198841181312388 0.000813882906343423
12552.238783222274 0.0007144008855319314 0.0008070380856857849
12623.058037596744 0.0007048986855355169 0.0007974878480310225
12693.87729197121 0.0006902370570388104 0.0007833261625216746
12766.20934248886 0.0006534281343251055 0.0007476971098571544
12838.684559985504 0.000636241446052308 0.0007241456887008479
12911.626028477343 0.0006599301509079304 0.0007362441671964432
12985.698221287805 0.000667508015438634 0.0007541497776274327
13059.770414098266 0.0006663380172560223 0.0007569422716089886
13134.95915962707 0.0006644625119728144 0.0007491017844638529
13210.567413059116 0.000660814075494134 0.0007431044370492352
13286.490777118428 0.0006534529820732411 0.000737624222930944
13363.571919731183 0.0006444579191120189 0.000728732043006201
13440.653062343934 0.0006460266679880063 0.0007227749546602772
13518.788029033214 0.0006317080419935653 0.0007118223123895784
13597.276135922912 0.0006232768300078276 0.0007022837244520811
13676.204344590877 0.0006232680012814014 0.0006960579348597352
13756.033176130086 0.0006107680329201457 0.0006833206168401481
13835.862007669297 0.0006085302947924031 0.0006764187125879395
13916.898270999473 0.000601158887982718 0.0006676858462127358
13998.000544213312 0.0005966418246337118 0.0006585216466520465
14079.832285756673 0.0005818838285105945 0.0006504745723221624
14162.139409177926 0.0005830784327080095 0.0006438270947516111
14244.78400035889 0.000578029486801951 0.0006396568187000282
14328.227317652907 0.0005668044652015226 0.0006305384106324632
14411.692008270813 0.0005583795781010214 0.0006231170505630191
14496.202860426576 0.0005496235176356437 0.0006164431993238283
14580.71371258234 0.0005473734133506546 0.0006110104184000929
14665.995423104589 0.0005427149682884041 0.0006067195245831993
14751.505069161158 0.0005330321079620777 0.0005963658967513419
14837.525827978574 0.0005240383764688872 0.0005862992786199277
14923.965078119156 0.0005199139574695326 0.0005823841500305148
15010.707659878266 0.0005079474655563614 0.0005687392413679943
15098.009279265278 0.0004977827867215345 0.0005643500542285927
15185.450428711818 0.0004943770237902918 0.0005580493494792118
15273.547638248474 0.000489674428631414 0.0005472252528666783
15361.658468301684 0.0004826516127530308 0.0005435458884027477
15450.485185767095 0.00047613083543299303 0.0005380335435832024
15539.311903232505 0.000474082667853713 0.0005312792185551858
15628.723013335566 0.0004645907546399418 0.0005261074779876544
15718.214058879075 0.00045763370012506235 0.0005230344056101787
15808.159985191405 0.00045441553681457023 0.0005159064932112559
15898.252281644232 0.00044858180808132324 0.0005099486129668373
15988.694002703793 0.00044560205377005906 0.0005065796748113088
16079.32586026554 0.00044330618044794616 0.0005014011852791274
16170.221909563646 0.0004317179096687482 0.0004968069444980105
16261.333056189425 0.000431676298845086 0.0004942960348365232
16352.640203235973 0.0004279982791782212 0.0004861864764270769
16444.172086308445 0.00041586087067344056 0.0004770155360512097
16535.845948339404 0.0004183296725517327 0.0004786020258045349
16627.741813390694 0.0004210422260447984 0.00047998208601296346
16719.73744773501 0.00041226931661672144 0.0004696442441639817
16811.942661762678 0.00039844866361790637 0.00045313206748346274
16904.21504043182 0.00039419242639157696 0.0004513830922877977
16996.676713048066 0.00039901714438598856 0.00045775164637678256
17089.180836132044 0.0004013177332405092 0.00045381569578136275
17181.847596121843 0.0003949574325115251 0.0004452245521958927
17274.538836740674 0.0003800173763026555 0.00043172183967728976
17367.361893059242 0.000358526583208977 0.0004119239986384241
17460.196972163434 0.0003588339263199139 0.00040772999450664827
17553.12960111372 0.00036324121789174874 0.0004124517133132848
17646.06640134847 0.0003682582545263446 0.00040597966597511506
17739.062975155237 0.00035163020787128406 0.00039959936350841135
17832.06000062645 0.00034857857755154147 0.00039571617223274104
17925.076968824193 0.0003617137464689589 0.00041287545161924086
18018.093937021935 0.00040867124376954995 0.0004781060496474144
18111.097927049894 0.0005196535767027695 0.0006288014334411001
18204.10164557128 0.0007696671895474359 0.0009366087405021147
18297.090246674263 0.0015757395800242002 0.0017483021095318278
18390.07782409871 0.005490598702632031 0.004755042691162521
18483.05099252805 0.021944613155824872 0.02133516825370587
18576.02243980055 0.10542063862331212 inf
18668.993887073048 inf inf
