wavelengths_angstrom spec1d_cal_photlam spec1d_cal_opt_photlam
7376.265085474573 inf inf
7395.651671831002 0.04128870029250878 0.03185668148903624
7415.03825818743 0.006446548225180885 0.002638560076517207
7434.42484454386 0.0013989480412966613 0.0012377466063825586
7453.8114309002885 0.000834784778256722 0.0008055127081270768
7473.198017256718 0.0006011784748989377 0.0006090203698779758
7492.584603613146 0.0005748403358267969 0.000593983877741983
7511.971189969576 0.0005947271715009767 0.0006150137790005646
7531.357776326005 0.0006564571718675838 0.0006616774962358296
7550.744362682434 0.000676834830811862 0.0007164425596505417
7570.141725565572 0.0007134314526733513 0.0007507284579779822
7591.1237422320455 0.0007170169093963633 0.000749782254012049
7612.1057588985195 0.0006943328769772406 0.0007350746384880864
7633.087775564994 0.0007008303936377128 0.0007324852133809756
7654.0697922314675 0.0006437321072447963 0.0006912196636240635
7675.0518088979425 0.0005640085046092481 0.0006226120560577762
7696.033825564416 0.0005651521128580562 0.0006009562801729956
7717.01584223089 0.0006008261154710486 0.0006295076231890024
7737.997858897364 0.0006336969655577607 0.0006735648241712854
7758.979875563838 0.000643415305627686 0.0006837462472764498
7781.535704978234 0.0006509636302922056 0.0006850040006569668
7804.1719618803445 0.0006561814767314132 0.0007073027708541286
7826.808218782456 0.0006713378212862108 0.0007256969917315996
7849.444475684566 0.0006943395088663358 0.0007363925393673125
7872.080732586676 0.0006950287174405622 0.0007520730718942393
7894.716989488787 0.0007364373636413283 0.0007984645883826162
7917.353246390899 0.000758380448363383 0.00081048711498879
7939.989503293009 0.0007628597525539231 0.0008227406843128209
7963.570833202834 0.0008004041210479863 0.0008612275397622217
7987.901476428088 0.0008286154672041633 0.0008880305205515764
8012.232119653341 0.0008442534052762098 0.000896059442944911
8036.562762878594 0.0008507507438647545 0.0009195523080880979
8060.893406103848 0.0008847582558935231 0.0009444436010037268
8085.224049329101 0.0008790275391158124 0.0009473878498425497
8109.554692554355 0.0008975234123393434 0.0009723226332575777
8133.885335779608 0.0009213309644234285 0.0009938599334598356
8159.523940427818 0.0009347983240979501 0.0010005195146827893
8185.601596137323 0.000868657764278893 0.0009652109144045795
8211.679251846828 0.0008600238555752367 0.0009425955157930015
8237.756907556333 0.0009065578496359124 0.0009847820090359558
8263.834563265838 0.0009416979720790769 0.001015446816018115
8289.912218975343 0.0009634248361441162 0.0010322789173613151
8315.989874684848 0.0009284364809115622 0.0010021273384262673
8342.898807810818 0.0009191090938139075 0.0009991459843171264
8370.772834903468 0.0009045604622686719 0.0009917852711389626
8398.646861996118 0.0009099281478676058 0.0009827352003157542
8426.520889088768 0.0008762690988280671 0.0009584486518695891
8454.394916181418 0.0008120981500379954 0.0009148375786094159
8482.268943274068 0.0008044072352485631 0.0008809828985145709
8510.142970366718 0.0007959386252971389 0.0008766322219677898
8539.208134297212 0.0008124838538313457 0.000889527288394526
8568.924964585234 0.000864023977053788 0.0009378616997023394
8598.641794873256 0.0008865779973213957 0.0009808706501884409
8628.35862516128 0.0009222858105234032 0.0010149260408956978
8658.075455449301 0.0009298986185392753 0.0010195428110656899
8687.792285737323 0.00092568169424113 0.0010126816447534402
8717.985700369622 0.0009741052859137694 0.0010503566926761045
8749.588581696002 0.0009737385348810754 0.0010860739777188739
8781.191463022382 0.0010045473047263567 0.0011072145065537228
8812.794344348762 0.0010170227322008935 0.0011135204076481206
8844.397225675142 0.001021604301270014 0.0011213533885208176
8876.000107001522 0.000988699095202254 0.0011035171178705218
8908.065936201123 0.0009833449546038106 0.0010977378056474644
8941.593124927002 0.0010082479892191815 0.0011224112067723386
8975.120313652882 0.0010347951121486548 0.001139826611799751
9008.647502378763 0.0010306300041954951 0.0011434131293219514
9042.174691104641 0.0010539137965165752 0.0011697873775527016
9075.701879830522 0.0010780555795956697 0.001195715578624829
9110.35267002118 0.0010845027126958977 0.001209689294475087
9145.838934312882 0.0011168131806057176 0.0012356057431623043
9181.325198604582 0.001131856220197838 0.0012445148794871536
9216.811462896283 0.0011173218007141568 0.0012408695905504797
9252.297727187984 0.0011116314148719158 0.0012299619981128826
9288.220150317238 0.0010982093647842325 0.0012159361251199298
9325.694809357703 0.0011011035596053544 0.0012124698864131231
9363.169468398166 0.0011019154484874895 0.0012238957111638314
9400.64412743863 0.0011078586073680016 0.0012292591939356509
9438.118786479094 0.0011208254702146216 0.0012411586677674939
9475.89394084735 0.0011255904515260773 0.0012507831218890049
9515.38184197858 0.0011343648185431828 0.001274877783926135
9554.869743109808 0.001150853087278528 0.001268823064624063
9594.357644241038 0.0011590843343509023 0.001282791565175815
9633.845545372265 0.0011458630832910848 0.0012769664573940784
9674.0197849975 0.0011466463035866758 0.0012723153465287664
9715.540323870717 0.0011349094656224656 0.0012683545357786024
9757.060862743934 0.0011546553208092087 0.0012868675211015219
9798.581401617153 0.001165973684069268 0.0012927270001263774
9840.101940490373 0.0011872781600624645 0.0013167361459753024
9883.182254306055 0.001191997130659261 0.0013251681805378766
9926.750788701303 0.0011587866374022674 0.0012991828593797634
9970.31932309655 0.001175575137804481 0.0013079986312389785
10013.887857491798 0.0011880273396586963 0.0013199988333957684
10058.280434792496 0.0011862734658742372 0.0013254583277360163
10103.905656612129 0.0011912855032345322 0.0013379679881981156
10149.530878431764 0.0012147570631398654 0.001351662676110223
10195.156100251399 0.0012243077639612569 0.0013596716329161594
10241.268173817778 0.001222037604495731 0.0013639865989921048
10288.95369202706 0.0012061406944135142 0.0013490222060921196
10336.63921023634 0.0012085384047241107 0.0013461441495897697
10384.32472844562 0.0011969415653797265 0.0013524817828831504
10432.52872051823 0.0012274897818713867 0.0013792919487186188
10482.272788860688 0.0012293702670024952 0.0013875202597826433
10532.016857203143 0.0012559509388562044 0.0014014694000396386
10581.760925545597 0.0012542298276093644 0.0014054727759662238
10632.392070764792 0.0012538211343818848 0.0014150887659297301
10684.188072393588 0.0012703292025847642 0.0014240182428672094
10735.984074022386 0.0012740892251120802 0.001430160815790514
10787.780075651182 0.0012908423638098403 0.0014366958921108333
10841.13468468303 0.0012991314501201927 0.0014570464048011876
10894.970545669687 0.001311009873262962 0.001462481605990628
10948.806406656342 0.001314727799849728 0.0014682524198763218
11003.117173409128 0.0013100134490190598 0.0014634692549148217
11058.975374179197 0.0013024242985742532 0.0014525136934070376
11114.833574949263 0.0013008609174115179 0.0014594281803987008
11170.691775719331 0.0012988028030276088 0.001464769221878262
11228.215938108626 0.0013190588717168748 0.0014728612241700632
11286.073229439417 0.00130860592502754 0.0014677903998172967
11343.93052077021 0.0013166305651061542 0.0014742617133765331
11402.871041640721 0.0012871446590777184 0.001444386749897523
11462.699929093278 0.0012752996296726217 0.001456196130480808
11522.528816545833 0.0012977311878008733 0.0014747525696691033
11583.082108238914 0.00132207707383127 0.0014814770828570352
11644.849490797216 0.0013147447862654363 0.0014766225856610855
11706.616873355517 0.0013127616887320089 0.0014808693909478293
11768.950131971002 0.001303154365917319 0.0014751655328199783
11832.61874366081 0.0013057311061591538 0.0014759638367194143
11896.287355350622 0.0013062797950199794 0.0014733512942629442
11960.539034380326 0.0013095590533288967 0.001478503507827756
12026.06789608847 0.0013121940056087294 0.0014933074786766562
12091.596757796615 0.00131534813475541 0.0014981291565763547
12157.87654502118 0.0013444411881579081 0.0015083451655501646
12225.219459098153 0.0013395669959322403 0.001513954842671692
12292.56237317513 0.0013407942533184877 0.0015210208661331115
12360.95086516381 0.0013459293708528177 0.0015171627143006883
12430.058263807055 0.001338165027638045 0.0015147842849167672
12499.165662450298 0.0013424527586744274 0.0015194069653501833
12569.716540020074 0.001339465167138413 0.001519985577253472
12640.535794394542 0.0013365548493473915 0.0015152193106111398
12711.620563312732 0.0013493689787513936 0.001520769605387045
12784.095780809375 0.0013556836644215587 0.0015272766564096193
12856.570998306022 0.001334573328495571 0.0015086876681385285
12929.906590491955 0.001331306608055883 0.0015087563635327937
13003.978783302413 0.0013397099221948722 0.001523436018977014
13078.050976112874 0.0013440208114837856 0.001508092313483875
13153.618811964046 0.0013303222933294973 0.001496227447729165
13229.227065396093 0.0013079599261804195 0.0014858365041261284
13305.513929454355 0.0013035551992415175 0.0014709473283100862
13382.595072067106 0.0012380445743506814 0.001417222401413704
13459.676214679857 0.0012142608005635083 0.0013742860342725893
13538.158411506945 0.0011955570618979925 0.0013533748137060588
13616.64651839664 0.0011976500198117113 0.0013445045027373512
13695.905609669398 0.0011939858153512796 0.0013436734892475122
13775.73444120861 0.0012036749431639415 0.0013460775315447186
13855.811540444196 0.001185183057630523 0.0013296940989659975
13936.913813658039 0.0011711069067460553 0.001301137039078534
14018.01608687188 0.001155467331135428 0.0012878233977917618
14100.145178042667 0.001128682460669049 0.001266663787662705
14182.452301463918 0.0011214139908942544 0.0012593704388261823
14265.377298310812 0.00111435469989417 0.001251707513198917
14348.820615604827 0.0011265674725233709 0.0012542288179603325
14432.548767266651 0.0011261043095347168 0.0012606330577381165
14517.05961942241 0.001131401555723792 0.0012579479828700333
14601.58903224102 0.001126150031998618 0.0012609793414686556
14687.09867829759 0.001106492070057383 0.001250802892839734
14772.60832435416 0.0010993259665159803 0.001242389803207382
14858.858503747126 0.0011079548095643144 0.0012462207902475366
14945.297753887708 0.0011068551464922327 0.001246195263939393
15032.253163077607 0.0011141940713820513 0.0012516535027409076
15119.55478246462 0.0011176837270517141 0.0012574331668211499
15207.192278671218 0.0011174868375951668 0.0012626576645520633
15295.289488207874 0.0011194769961199629 0.001269543274980712
15383.5803563351 0.0011209148039661942 0.0012675024333139826
15472.40707380051 0.00112001318591174 0.001268972321156557
15561.317807912877 0.0011406640958099856 0.001281686574409129
15650.808853456385 0.001151751529945265 0.0012967970688680295
15740.301913889152 0.0011503250274716667 0.0012929785194071893
15830.394210341978 0.0011508042032981757 0.001303562243418673
15920.486506794807 0.001166945523850181 0.0013077143672706707
16011.061388220463 0.0011694118559130377 0.001314376705521733
16101.693245782211 0.0011592181064940172 0.0013145462707978646
16192.707580676108 0.0011554672792809383 0.001308644241892224
16283.818727301887 0.0011689061603488398 0.001316354438526785
16375.229709518066 0.0011812055147018212 0.001319946248403574
16466.761592590537 0.001181039419742911 0.001333657757616389
16558.525283137213 0.0011759546653139937 0.0013350544179236534
16650.421148188503 0.0011806163728780212 0.0013341866908024565
16742.49312795925 0.0011739007530798785 0.0013252477452140928
16834.698341986914 0.0011631961340353588 0.0013154695121864722
16927.03401305979 0.0011494955805444456 0.0013026597963869111
17019.495685676036 0.0011459481081537788 0.0012941643882137793
17112.050423063556 0.001101742628800721 0.001260906797661902
17204.717183053355 0.0010858161006453615 0.0012307934486625563
17297.44699664569 0.0010604096629730382 0.0011996782156934228
17390.270052964257 0.0010363955404704295 0.001170609646286815
17483.13217392064 0.0010144444696629556 0.001140848074558373
17576.064802870926 0.0009744380708090377 0.0010982150409860054
17669.017384303315 0.0009523367915392952 0.0010625490931445857
17762.013958110078 0.0009290124050411443 0.001030016420922664
17855.016016791666 0.0009248518813466996 0.0010268753677839292
17948.032984989404 0.0009308209235121146 0.001091473163932488
18041.04695475501 0.0010343552043833217 0.0013146516929977395
18134.0506732764 0.0013058060111100793 0.0018186841021280132
18227.05143195279 0.002039665924731037 0.002954621662159416
18320.039009377233 0.004291120633465267 0.006040067993318061
18413.024327136136 0.014422687390883194 0.016751482159564263
18505.99577440864 0.07234382705640421 0.07909953006454999
18598.967221681138 inf inf
18691.938668953637 inf inf
