# wavelength (A)  f_lam (erg/s/cm2/A) fe_lam (erg/s/cm2/A)
1.000807e+04 3.765379e-18 5.775897e-18
1.001907e+04 2.961033e-18 5.780985e-18
1.003007e+04 5.187721e-18 5.786138e-18
1.004107e+04 9.023726e-18 5.791357e-18
1.005207e+04 1.767167e-17 5.796641e-18
1.006307e+04 2.166079e-17 5.801990e-18
1.007407e+04 6.153715e-18 5.807404e-18
1.008507e+04 5.037015e-18 5.812882e-18
1.009607e+04 9.681669e-18 5.818424e-18
1.010707e+04 1.562602e-17 5.824029e-18
1.011807e+04 1.546829e-17 5.829697e-18
1.012907e+04 5.233282e-18 5.835427e-18
1.014007e+04 4.779364e-18 5.841219e-18
1.015107e+04 3.939428e-18 5.847074e-18
1.016207e+04 3.443485e-18 5.852989e-18
1.017307e+04 1.167661e-18 5.858965e-18
1.018407e+04 1.683008e-18 5.865002e-18
1.019507e+04 8.072744e-18 5.871098e-18
1.020607e+04 6.327762e-18 5.877254e-18
1.021707e+04 7.863463e-18 5.883469e-18
1.022807e+04 3.779897e-18 5.889743e-18
1.023907e+04 8.267194e-18 5.896074e-18
1.025007e+04 8.644525e-18 5.902464e-18
1.026107e+04 5.991134e-18 5.908910e-18
1.027207e+04 4.946646e-18 5.915414e-18
1.028307e+04 8.729211e-18 5.921973e-18
1.029407e+04 6.378094e-18 5.928589e-18
1.030507e+04 4.587370e-18 5.935260e-18
1.031607e+04 1.966224e-17 5.941986e-18
1.032707e+04 1.790418e-17 5.948766e-18
1.033807e+04 8.550448e-18 5.955601e-18
1.034907e+04 4.983360e-18 5.962489e-18
1.036007e+04 8.191077e-19 5.969431e-18
1.037107e+04 4.200158e-18 5.976425e-18
1.038207e+04 4.123866e-18 5.983471e-18
1.039307e+04 3.884420e-18 5.990568e-18
1.040407e+04 4.624155e-18 5.997717e-18
1.041507e+04 1.185335e-17 6.004916e-18
1.042607e+04 6.551374e-18 6.012165e-18
1.043707e+04 8.716736e-18 6.019463e-18
1.044807e+04 8.297859e-18 6.026810e-18
1.045907e+04 8.348851e-18 6.034206e-18
1.047007e+04 6.568678e-18 6.041649e-18
1.048107e+04 9.079418e-18 6.049140e-18
1.049207e+04 5.904367e-18 6.056677e-18
1.050307e+04 8.090994e-18 6.064261e-18
1.051407e+04 4.880981e-18 6.071889e-18
1.052507e+04 8.511612e-18 6.079563e-18
1.053607e+04 6.868018e-18 6.087282e-18
1.054707e+04 4.393710e-18 6.095044e-18
1.055807e+04 4.086277e-18 6.102850e-18
1.056907e+04 6.511451e-18 6.110698e-18
1.058007e+04 5.336219e-18 6.118589e-18
1.059107e+04 7.133812e-18 6.126521e-18
1.060207e+04 1.923825e-18 6.134494e-18
1.061307e+04 9.941847e-18 6.142507e-18
1.062407e+04 7.266892e-18 6.150561e-18
1.063507e+04 4.316752e-18 6.158653e-18
1.064607e+04 6.862056e-18 6.166784e-18
1.065707e+04 1.377175e-17 6.174954e-18
1.066807e+04 1.924451e-17 6.183160e-18
1.067907e+04 1.144526e-17 6.191404e-18
1.069007e+04 5.893807e-18 6.199683e-18
1.070107e+04 7.507372e-18 6.207999e-18
1.071207e+04 5.503467e-18 6.216349e-18
1.072307e+04 8.696308e-18 6.224734e-18
1.073407e+04 4.927051e-18 6.233152e-18
1.074507e+04 7.166946e-18 6.241604e-18
1.075607e+04 8.276220e-18 6.250088e-18
1.076707e+04 2.552182e-18 6.258604e-18
1.077807e+04 5.949663e-18 6.267152e-18
1.078907e+04 5.528438e-18 6.275730e-18
1.080007e+04 6.959463e-18 6.284338e-18
1.081107e+04 4.239102e-18 6.292976e-18
1.082207e+04 4.962072e-18 6.301642e-18
1.083307e+04 7.821660e-18 6.310336e-18
1.084407e+04 7.249727e-18 6.319059e-18
1.085507e+04 7.642818e-18 6.327807e-18
1.086607e+04 7.922957e-18 6.336583e-18
1.087707e+04 1.046554e-17 6.345383e-18
1.088807e+04 8.300295e-18 6.354209e-18
1.089907e+04 5.616970e-18 6.363059e-18
1.091007e+04 3.644447e-18 6.371933e-18
1.092107e+04 6.185825e-18 6.380830e-18
1.093207e+04 -7.226874e-20 6.389749e-18
1.094307e+04 2.934206e-18 6.398689e-18
1.095407e+04 5.843336e-18 6.407651e-18
1.096507e+04 5.530550e-18 6.416634e-18
1.097607e+04 3.986895e-18 6.425636e-18
1.098707e+04 7.469583e-18 6.434657e-18
1.099807e+04 4.788661e-18 6.443696e-18
1.100907e+04 6.689156e-18 6.452754e-18
1.102007e+04 5.329433e-18 6.461828e-18
1.103107e+04 6.190008e-18 6.470919e-18
1.104207e+04 7.306262e-18 6.480026e-18
1.105307e+04 5.174000e-18 6.489148e-18
1.106407e+04 4.144018e-18 6.498285e-18
1.107507e+04 6.851713e-18 6.507435e-18
1.108607e+04 4.857449e-18 6.516598e-18
1.109707e+04 6.092783e-18 6.525774e-18
1.110807e+04 8.069372e-18 6.534962e-18
1.111907e+04 6.994600e-18 6.544161e-18
1.113007e+04 3.775261e-18 6.553371e-18
1.114107e+04 4.014246e-18 6.562590e-18
1.115207e+04 6.764637e-18 6.571819e-18
1.116307e+04 5.216685e-18 6.581056e-18
1.117407e+04 5.113784e-18 6.590301e-18
1.118507e+04 4.426602e-18 6.599553e-18
1.119607e+04 5.464809e-18 6.608811e-18
1.120707e+04 4.813411e-18 6.618076e-18
1.121807e+04 8.217393e-18 6.627345e-18
1.122907e+04 4.931973e-18 6.636619e-18
1.124007e+04 4.824288e-18 6.645897e-18
1.125107e+04 2.451326e-18 6.655177e-18
1.126207e+04 4.205805e-18 6.664460e-18
1.127307e+04 1.168146e-17 6.673745e-18
1.128407e+04 3.210566e-17 6.683030e-18
1.129507e+04 2.457742e-17 6.692316e-18
1.130607e+04 6.537628e-18 6.701602e-18
1.131707e+04 5.682608e-18 6.710887e-18
1.132807e+04 5.024078e-18 6.720170e-18
1.133907e+04 1.138955e-17 6.729451e-18
1.135007e+04 9.627472e-18 6.738729e-18
1.136107e+04 1.096509e-17 6.748004e-18
1.137207e+04 4.091072e-18 6.757274e-18
1.138307e+04 3.522217e-18 6.766540e-18
1.139407e+04 7.931082e-18 6.775799e-18
1.140507e+04 6.800272e-18 6.785053e-18
1.141607e+04 2.756772e-18 6.794300e-18
1.142707e+04 7.280186e-18 6.803539e-18
1.143807e+04 6.291004e-18 6.812770e-18
1.144907e+04 5.895437e-18 6.821993e-18
1.146007e+04 8.321880e-18 6.831205e-18
1.147107e+04 4.244617e-18 6.840408e-18
1.148207e+04 4.029415e-18 6.849600e-18
1.149307e+04 4.046873e-18 6.858781e-18
1.150407e+04 4.662668e-18 6.867949e-18
1.151507e+04 5.072816e-18 6.877105e-18
1.152607e+04 5.766373e-18 6.886247e-18
1.153707e+04 7.011524e-18 6.895376e-18
1.154807e+04 8.842755e-19 6.904490e-18
1.155907e+04 8.609386e-18 6.913589e-18
1.157007e+04 5.614300e-18 6.922671e-18
1.158107e+04 4.062953e-18 6.931738e-18
1.159207e+04 1.751084e-18 6.940787e-18
1.160307e+04 2.375834e-18 6.949818e-18
1.161407e+04 1.805717e-18 6.958831e-18
1.162507e+04 7.757610e-18 6.967825e-18
1.163607e+04 7.343403e-18 6.976800e-18
1.164707e+04 8.191993e-18 6.985754e-18
1.165807e+04 3.482034e-18 6.994687e-18
1.166907e+04 2.446756e-18 7.003599e-18
1.168007e+04 3.890826e-18 7.012488e-18
1.169107e+04 4.868748e-18 7.021355e-18
1.170207e+04 6.723439e-18 7.030199e-18
1.171307e+04 2.287796e-18 7.039019e-18
1.172407e+04 3.850121e-18 7.047814e-18
1.173507e+04 6.139375e-18 7.056584e-18
1.174607e+04 4.722193e-18 7.065328e-18
1.175707e+04 1.348999e-18 7.074047e-18
1.176807e+04 5.199657e-18 7.082738e-18
1.177907e+04 4.903260e-19 7.091402e-18
1.179007e+04 6.052695e-18 7.100037e-18
1.180107e+04 6.415891e-18 7.108644e-18
1.181207e+04 1.450834e-18 7.117222e-18
1.182307e+04 4.086937e-18 7.125770e-18
1.183407e+04 7.842379e-18 7.134288e-18
1.184507e+04 1.735638e-18 7.142775e-18
1.185607e+04 1.935197e-18 7.151230e-18
1.186707e+04 4.940715e-18 7.159653e-18
1.187807e+04 4.332178e-18 7.168044e-18
1.188907e+04 2.395462e-18 7.176401e-18
1.190007e+04 4.707508e-18 7.184725e-18
1.191107e+04 3.218815e-18 7.193014e-18
1.192207e+04 5.391849e-18 7.201269e-18
1.193307e+04 1.665793e-18 7.209488e-18
1.194407e+04 7.663410e-19 7.217671e-18
1.195507e+04 4.247561e-18 7.225818e-18
1.196607e+04 4.232347e-18 7.233928e-18
1.197707e+04 2.251760e-18 7.242001e-18
1.198807e+04 5.528564e-18 7.250035e-18
1.199907e+04 3.255700e-18 7.258031e-18
1.201007e+04 4.320573e-18 7.265988e-18
1.202107e+04 2.095037e-18 7.273906e-18
1.203207e+04 3.742428e-19 7.281783e-18
1.204307e+04 2.989866e-18 7.289620e-18
1.205407e+04 2.266377e-18 7.297416e-18
1.206507e+04 7.352746e-18 7.305170e-18
1.207607e+04 7.643176e-18 7.312882e-18
1.208707e+04 2.121684e-18 7.320552e-18
1.209807e+04 1.571955e-20 7.328179e-18
1.210907e+04 5.917994e-18 7.335763e-18
1.212007e+04 8.165213e-19 7.343302e-18
1.213107e+04 3.590650e-18 7.350797e-18
1.214207e+04 1.295120e-18 7.358247e-18
1.215307e+04 2.707375e-18 7.365652e-18
1.216407e+04 2.102655e-18 7.373011e-18
1.217507e+04 6.104576e-18 7.380324e-18
1.218607e+04 4.475990e-18 7.387591e-18
1.219707e+04 3.465201e-18 7.394810e-18
1.220807e+04 3.460651e-18 7.401982e-18
1.221907e+04 1.503534e-18 7.409106e-18
1.223007e+04 6.026469e-18 7.416181e-18
1.224107e+04 4.403266e-18 7.423208e-18
1.225207e+04 2.588813e-18 7.430185e-18
1.226307e+04 7.925915e-18 7.437113e-18
1.227407e+04 3.871474e-18 7.443991e-18
1.228507e+04 5.022889e-18 7.450818e-18
1.229607e+04 4.052141e-18 7.457595e-18
1.230707e+04 3.879823e-19 7.464320e-18
1.231807e+04 5.102408e-18 7.470994e-18
1.232907e+04 5.035879e-18 7.477616e-18
1.234007e+04 3.966348e-18 7.484186e-18
1.235107e+04 5.252631e-18 7.490703e-18
1.236207e+04 1.508858e-18 7.497166e-18
1.237307e+04 4.862190e-18 7.503577e-18
1.238407e+04 4.185499e-18 7.509934e-18
1.239507e+04 3.485045e-18 7.516236e-18
1.240607e+04 2.344276e-18 7.522484e-18
1.241707e+04 4.583153e-18 7.528678e-18
1.242807e+04 3.158935e-18 7.534816e-18
1.243907e+04 4.777746e-18 7.540899e-18
1.245007e+04 6.770388e-18 7.546926e-18
1.246107e+04 4.769492e-18 7.552897e-18
1.247207e+04 7.780427e-18 7.558811e-18
1.248307e+04 4.803011e-18 7.564669e-18
1.249407e+04 2.547347e-18 7.570470e-18
1.250507e+04 4.060754e-19 7.576214e-18
1.251607e+04 5.211731e-19 7.581900e-18
1.252707e+04 5.373587e-18 7.587528e-18
1.253807e+04 5.111529e-18 7.593098e-18
1.254907e+04 3.387582e-18 7.598610e-18
1.256007e+04 4.139081e-18 7.604063e-18
1.257107e+04 1.110554e-18 7.609457e-18
1.258207e+04 2.720208e-18 7.614792e-18
1.259307e+04 -2.173631e-18 7.620068e-18
1.260407e+04 3.475614e-18 7.625284e-18
1.261507e+04 4.954920e-18 7.630440e-18
1.262607e+04 1.550979e-17 7.635536e-18
1.263707e+04 5.982410e-17 7.640572e-18
1.264807e+04 4.949533e-17 7.645547e-18
1.265907e+04 1.295554e-17 7.650461e-18
1.267007e+04 3.489422e-18 7.655315e-18
1.268107e+04 2.314641e-18 7.660107e-18
1.269207e+04 5.722508e-18 7.664837e-18
1.270307e+04 2.158039e-18 7.669507e-18
1.271407e+04 2.673011e-18 7.674114e-18
1.272507e+04 4.745442e-18 7.678660e-18
1.273607e+04 6.796915e-18 7.683143e-18
1.274707e+04 1.165544e-18 7.687564e-18
1.275807e+04 6.866870e-18 7.691923e-18
1.276907e+04 2.491459e-18 7.696219e-18
1.278007e+04 2.601027e-18 7.700453e-18
1.279107e+04 1.061277e-18 7.704623e-18
1.280207e+04 3.017483e-18 7.708731e-18
1.281307e+04 2.704301e-18 7.712775e-18
1.282407e+04 5.354554e-18 7.716756e-18
1.283507e+04 -1.057108e-18 7.720674e-18
1.284607e+04 1.985242e-18 7.724528e-18
1.285707e+04 1.453896e-18 7.728319e-18
1.286807e+04 3.315943e-18 7.732046e-18
1.287907e+04 1.730576e-17 7.735709e-18
1.289007e+04 5.675199e-17 7.739308e-18
1.290107e+04 5.255300e-17 7.742843e-18
1.291207e+04 1.612801e-17 7.746314e-18
1.292307e+04 3.065899e-18 7.749721e-18
1.293407e+04 1.950951e-18 7.753064e-18
1.294507e+04 4.911047e-18 7.756342e-18
1.295607e+04 1.619600e-18 7.759556e-18
1.296707e+04 -3.034033e-18 7.762706e-18
1.297807e+04 7.467852e-18 7.765791e-18
1.298907e+04 4.007976e-18 7.768812e-18
1.300007e+04 1.886327e-17 7.771768e-18
1.301107e+04 1.159217e-16 7.774660e-18
1.302207e+04 1.776061e-16 7.777487e-18
1.303307e+04 7.126467e-17 7.780250e-18
1.304407e+04 1.221960e-17 7.782947e-18
1.305507e+04 2.963030e-18 7.785580e-18
1.306607e+04 7.360391e-19 7.788149e-18
1.307707e+04 2.223182e-18 7.790652e-18
1.308807e+04 2.178927e-18 7.793091e-18
1.309907e+04 2.523440e-18 7.795465e-18
1.311007e+04 -1.431296e-18 7.797774e-18
1.312107e+04 2.202052e-18 7.800019e-18
1.313207e+04 3.619548e-18 7.802199e-18
1.314307e+04 2.899655e-18 7.804314e-18
1.315407e+04 2.162723e-18 7.806365e-18
1.316507e+04 1.788719e-18 7.808351e-18
1.317607e+04 2.704445e-18 7.810273e-18
1.318707e+04 3.679871e-18 7.812130e-18
1.319807e+04 -2.020600e-19 7.813923e-18
1.320907e+04 -1.013700e-18 7.815652e-18
1.322007e+04 3.657859e-18 7.817316e-18
1.323107e+04 4.041854e-18 7.818917e-18
1.324207e+04 5.790958e-18 7.820453e-18
1.325307e+04 2.684477e-18 7.821926e-18
1.326407e+04 3.704435e-18 7.823334e-18
1.327507e+04 2.423071e-18 7.824679e-18
1.328607e+04 3.465892e-18 7.825960e-18
1.329707e+04 3.700842e-18 7.827177e-18
1.330807e+04 2.240487e-19 7.828331e-18
1.331907e+04 3.570175e-18 7.829422e-18
1.333007e+04 4.485622e-18 7.830450e-18
1.334107e+04 2.555943e-18 7.831414e-18
1.335207e+04 2.558856e-18 7.832316e-18
1.336307e+04 -1.187749e-18 7.833154e-18
1.337407e+04 5.862880e-18 7.833930e-18
1.338507e+04 1.525837e-18 7.834644e-18
1.339607e+04 3.738112e-18 7.835295e-18
1.340707e+04 3.006207e-18 7.835884e-18
1.341807e+04 1.194952e-18 7.836411e-18
1.342907e+04 1.749595e-18 7.836876e-18
1.344007e+04 3.113476e-18 7.837279e-18
1.345107e+04 3.478275e-18 7.837621e-18
1.346207e+04 9.909663e-19 7.837901e-18
1.347307e+04 1.694893e-18 7.838120e-18
1.348407e+04 3.908403e-18 7.838278e-18
1.349507e+04 4.655605e-18 7.838376e-18
1.350607e+04 4.829057e-18 7.838412e-18
1.351707e+04 7.263948e-18 7.838388e-18
1.352807e+04 3.776060e-18 7.838304e-18
1.353907e+04 3.594709e-19 7.838160e-18
1.355007e+04 2.658232e-18 7.837956e-18
1.356107e+04 3.679920e-18 7.837692e-18
1.357207e+04 5.560657e-18 7.837369e-18
1.358307e+04 1.683164e-18 7.836987e-18
1.359407e+04 1.536491e-18 7.836546e-18
1.360507e+04 -6.235789e-19 7.836046e-18
1.361607e+04 5.405207e-18 7.835487e-18
1.362707e+04 2.225051e-18 7.834871e-18
1.363807e+04 3.589075e-18 7.834196e-18
1.364907e+04 -7.810584e-19 7.833463e-18
1.366007e+04 3.940651e-18 7.832673e-18
1.367107e+04 3.583999e-18 7.831826e-18
1.368207e+04 1.020129e-18 7.830921e-18
1.369307e+04 3.215266e-18 7.829960e-18
1.370407e+04 2.428499e-18 7.828942e-18
1.371507e+04 2.295736e-18 7.827867e-18
1.372607e+04 5.438891e-18 7.826737e-18
1.373707e+04 2.406965e-18 7.825551e-18
1.374807e+04 3.097116e-18 7.824309e-18
1.375907e+04 3.579653e-18 7.823012e-18
1.377007e+04 1.899942e-18 7.821660e-18
1.378107e+04 1.607748e-18 7.820254e-18
1.379207e+04 5.429403e-19 7.818793e-18
1.380307e+04 -9.204837e-20 7.817278e-18
1.381407e+04 4.659490e-18 7.815709e-18
1.382507e+04 6.359663e-18 7.814086e-18
1.383607e+04 -2.232038e-18 7.812410e-18
1.384707e+04 1.662140e-19 7.810681e-18
1.385807e+04 5.314578e-18 7.808900e-18
1.386907e+04 3.503358e-18 7.807066e-18
1.388007e+04 2.624595e-18 7.805180e-18
1.389107e+04 6.362391e-18 7.803242e-18
1.390207e+04 7.394051e-19 7.801252e-18
1.391307e+04 7.174031e-19 7.799211e-18
1.392407e+04 3.042590e-18 7.797120e-18
1.393507e+04 4.728252e-18 7.794977e-18
1.394607e+04 4.253475e-18 7.792785e-18
1.395707e+04 -2.441038e-18 7.790543e-18
1.396807e+04 4.065524e-18 7.788251e-18
1.397907e+04 1.832627e-18 7.785910e-18
1.399007e+04 6.391692e-19 7.783520e-18
1.400107e+04 4.798031e-18 7.781082e-18
1.401207e+04 5.159596e-18 7.778595e-18
1.402307e+04 -7.369345e-20 7.776061e-18
1.403407e+04 3.513815e-18 7.773479e-18
1.404507e+04 8.750740e-19 7.770849e-18
1.405607e+04 5.864041e-19 7.768173e-18
1.406707e+04 4.084191e-18 7.765450e-18
1.407807e+04 3.450997e-18 7.762681e-18
1.408907e+04 5.302286e-18 7.759866e-18
1.410007e+04 1.631820e-18 7.757005e-18
1.411107e+04 1.843475e-18 7.754099e-18
1.412207e+04 -7.384980e-19 7.751148e-18
1.413307e+04 3.662756e-19 7.748152e-18
1.414407e+04 3.184401e-18 7.745112e-18
1.415507e+04 4.156430e-18 7.742028e-18
1.416607e+04 3.984340e-18 7.738900e-18
1.417707e+04 1.477194e-18 7.735729e-18
1.418807e+04 1.818675e-18 7.732515e-18
1.419907e+04 9.743539e-19 7.729258e-18
1.421007e+04 2.110195e-19 7.725958e-18
1.422107e+04 3.654424e-18 7.722617e-18
1.423207e+04 1.563371e-18 7.719233e-18
1.424307e+04 4.898618e-18 7.715809e-18
1.425407e+04 2.309365e-18 7.712343e-18
1.426507e+04 2.786548e-18 7.708836e-18
1.427607e+04 4.538239e-18 7.705289e-18
1.428707e+04 2.497861e-19 7.701702e-18
1.429807e+04 2.976059e-18 7.698076e-18
1.430907e+04 2.624567e-18 7.694409e-18
1.432007e+04 -2.872224e-18 7.690704e-18
1.433107e+04 8.360853e-20 7.686960e-18
1.434207e+04 2.808891e-18 7.683177e-18
1.435307e+04 1.565150e-18 7.679357e-18
1.436407e+04 4.869732e-19 7.675498e-18
1.437507e+04 5.744482e-18 7.671602e-18
1.438607e+04 2.011311e-18 7.667669e-18
1.439707e+04 3.070680e-18 7.663699e-18
1.440807e+04 3.651575e-18 7.659692e-18
1.441907e+04 3.751323e-18 7.655650e-18
1.443007e+04 6.327216e-18 7.651571e-18
1.444107e+04 3.232496e-18 7.647457e-18
1.445207e+04 3.389226e-18 7.643308e-18
1.446307e+04 -6.681004e-20 7.639124e-18
1.447407e+04 3.722068e-18 7.634905e-18
1.448507e+04 -1.098796e-19 7.630652e-18
1.449607e+04 1.953284e-19 7.626365e-18
1.450707e+04 1.726486e-18 7.622044e-18
1.451807e+04 3.154594e-18 7.617690e-18
1.452907e+04 5.552098e-18 7.613303e-18
1.454007e+04 2.505393e-18 7.608884e-18
1.455107e+04 7.653815e-19 7.604432e-18
1.456207e+04 7.438239e-18 7.599948e-18
1.457307e+04 4.218557e-20 7.595432e-18
1.458407e+04 4.419279e-18 7.590885e-18
1.459507e+04 1.208931e-18 7.586306e-18
1.460607e+04 6.666185e-18 7.581697e-18
1.461707e+04 2.480805e-18 7.577057e-18
1.462807e+04 7.509044e-20 7.572387e-18
1.463907e+04 4.130955e-20 7.567687e-18
1.465007e+04 1.238471e-18 7.562957e-18
1.466107e+04 3.914708e-18 7.558198e-18
1.467207e+04 -6.733999e-19 7.553410e-18
1.468307e+04 2.894992e-18 7.548593e-18
1.469407e+04 4.749466e-18 7.543748e-18
1.470507e+04 1.702200e-18 7.538874e-18
1.471607e+04 2.450918e-18 7.533973e-18
1.472707e+04 1.541824e-18 7.529043e-18
1.473807e+04 2.053215e-19 7.524087e-18
1.474907e+04 2.137618e-18 7.519103e-18
1.476007e+04 3.163624e-18 7.514093e-18
1.477107e+04 4.964422e-18 7.509055e-18
1.478207e+04 3.681515e-18 7.503992e-18
1.479307e+04 5.399627e-18 7.498903e-18
1.480407e+04 1.639599e-18 7.493788e-18
1.481507e+04 3.138031e-18 7.488647e-18
1.482607e+04 4.846943e-18 7.483481e-18
1.483707e+04 4.493412e-18 7.478290e-18
1.484807e+04 9.754952e-19 7.473075e-18
1.485907e+04 4.156204e-18 7.467835e-18
1.487007e+04 4.735543e-18 7.462571e-18
1.488107e+04 3.099128e-18 7.457283e-18
1.489207e+04 1.180065e-18 7.451971e-18
1.490307e+04 3.024987e-18 7.446635e-18
1.491407e+04 2.004013e-18 7.441276e-18
1.492507e+04 2.986496e-18 7.435895e-18
1.493607e+04 2.688860e-18 7.430490e-18
1.494707e+04 6.146519e-18 7.425063e-18
1.495807e+04 4.179940e-18 7.419613e-18
1.496907e+04 1.725866e-18 7.414142e-18
1.498007e+04 1.311397e-18 7.408648e-18
1.499107e+04 2.983869e-18 7.403133e-18
1.500207e+04 6.551661e-19 7.397596e-18
1.501307e+04 3.364232e-18 7.392038e-18
1.502407e+04 4.021109e-18 7.386459e-18
1.503507e+04 -1.029825e-19 7.380859e-18
1.504607e+04 3.976914e-18 7.375239e-18
1.505707e+04 2.668450e-18 7.369598e-18
1.506807e+04 4.199502e-18 7.363937e-18
1.507907e+04 7.504718e-18 7.358256e-18
1.509007e+04 2.001246e-20 7.352555e-18
1.510107e+04 6.106015e-19 7.346834e-18
1.511207e+04 2.355098e-18 7.341094e-18
1.512307e+04 2.103963e-18 7.335335e-18
1.513407e+04 3.307937e-18 7.329556e-18
1.514507e+04 3.829927e-18 7.323758e-18
1.515607e+04 7.837112e-19 7.317942e-18
1.516707e+04 3.626569e-18 7.312107e-18
1.517807e+04 1.798954e-18 7.306254e-18
1.518907e+04 1.496353e-18 7.300383e-18
1.520007e+04 9.855940e-19 7.294493e-18
1.521107e+04 2.047183e-18 7.288585e-18
1.522207e+04 6.406596e-19 7.282660e-18
1.523307e+04 2.094603e-18 7.276717e-18
1.524407e+04 -1.051615e-18 7.270756e-18
1.525507e+04 -6.741829e-19 7.264778e-18
1.526607e+04 4.728147e-18 7.258783e-18
1.527707e+04 9.440883e-18 7.252771e-18
1.528807e+04 5.828129e-18 7.246741e-18
1.529907e+04 2.142884e-18 7.240695e-18
1.531007e+04 7.308713e-19 7.234633e-18
1.532107e+04 2.498133e-18 7.228553e-18
1.533207e+04 6.495966e-18 7.222458e-18
1.534307e+04 7.278183e-19 7.216345e-18
1.535407e+04 2.230403e-18 7.210217e-18
1.536507e+04 1.303852e-18 7.204073e-18
1.537607e+04 3.771511e-18 7.197912e-18
1.538707e+04 1.878484e-18 7.191736e-18
1.539807e+04 5.811291e-19 7.185544e-18
1.540907e+04 4.712874e-18 7.179336e-18
1.542007e+04 1.278184e-18 7.173112e-18
1.543107e+04 4.157915e-18 7.166873e-18
1.544207e+04 2.739994e-18 7.160618e-18
1.545307e+04 3.060638e-18 7.154349e-18
1.546407e+04 2.805153e-18 7.148063e-18
1.547507e+04 2.916624e-18 7.141763e-18
1.548607e+04 3.092877e-18 7.135448e-18
1.549707e+04 5.086871e-18 7.129117e-18
1.550807e+04 2.284617e-18 7.122771e-18
1.551907e+04 1.341865e-18 7.116411e-18
1.553007e+04 9.094145e-19 7.110036e-18
1.554107e+04 9.579409e-19 7.103645e-18
1.555207e+04 1.165676e-18 7.097240e-18
1.556307e+04 3.006676e-18 7.090821e-18
1.557407e+04 4.462782e-18 7.084386e-18
1.558507e+04 2.823042e-19 7.077938e-18
1.559607e+04 3.100812e-18 7.071474e-18
1.560707e+04 1.785858e-18 7.064996e-18
1.561807e+04 4.399043e-18 7.058503e-18
1.562907e+04 3.089263e-18 7.051996e-18
1.564007e+04 2.895259e-18 7.045475e-18
1.565107e+04 2.494113e-18 7.038939e-18
1.566207e+04 5.581893e-18 7.032389e-18
1.567307e+04 2.184944e-18 7.025824e-18
1.568407e+04 4.602179e-18 7.019245e-18
1.569507e+04 -2.101895e-18 7.012652e-18
1.570607e+04 1.990998e-19 7.006044e-18
1.571707e+04 4.971670e-18 6.999422e-18
1.572807e+04 6.060716e-19 6.992786e-18
1.573907e+04 1.144931e-18 6.986136e-18
1.575007e+04 9.894957e-19 6.979471e-18
1.576107e+04 1.802255e-18 6.972792e-18
1.577207e+04 6.014319e-18 6.966098e-18
1.578307e+04 2.717855e-18 6.959390e-18
1.579407e+04 1.341565e-18 6.952668e-18
1.580507e+04 2.094447e-18 6.945932e-18
1.581607e+04 2.511311e-18 6.939181e-18
1.582707e+04 4.675623e-18 6.932415e-18
1.583807e+04 8.567078e-19 6.925635e-18
1.584907e+04 8.482300e-19 6.918841e-18
1.586007e+04 3.396316e-18 6.912032e-18
1.587107e+04 3.269466e-18 6.905209e-18
1.588207e+04 7.587724e-19 6.898371e-18
1.589307e+04 -2.277315e-18 6.891519e-18
1.590407e+04 4.483283e-19 6.884652e-18
1.591507e+04 1.399202e-18 6.877770e-18
1.592607e+04 3.253038e-18 6.870874e-18
1.593707e+04 2.678461e-18 6.863963e-18
1.594807e+04 3.245931e-18 6.857037e-18
1.595907e+04 2.514479e-18 6.850097e-18
1.597007e+04 1.665288e-18 6.843141e-18
1.598107e+04 3.074446e-18 6.836171e-18
1.599207e+04 -1.852407e-18 6.829185e-18
1.600307e+04 4.389505e-18 6.822185e-18
1.601407e+04 1.418745e-18 6.815170e-18
1.602507e+04 5.430480e-19 6.808139e-18
1.603607e+04 3.481355e-18 6.801093e-18
1.604707e+04 -2.586436e-19 6.794032e-18
1.605807e+04 1.510223e-18 6.786956e-18
1.606907e+04 3.243952e-18 6.779864e-18
1.608007e+04 1.911687e-18 6.772757e-18
1.609107e+04 3.367085e-18 6.765635e-18
1.610207e+04 6.316529e-18 6.758496e-18
1.611307e+04 2.456652e-18 6.751343e-18
1.612407e+04 2.842656e-18 6.744173e-18
1.613507e+04 -4.726983e-19 6.736988e-18
1.614607e+04 4.634619e-18 6.729786e-18
1.615707e+04 5.968202e-19 6.722569e-18
1.616807e+04 8.825644e-19 6.715336e-18
1.617907e+04 2.140094e-18 6.708087e-18
1.619007e+04 3.975868e-18 6.700821e-18
1.620107e+04 8.212399e-19 6.693540e-18
1.621207e+04 -1.840908e-18 6.686241e-18
1.622307e+04 2.134738e-18 6.678927e-18
1.623407e+04 5.028439e-18 6.671596e-18
1.624507e+04 3.698696e-18 6.664248e-18
1.625607e+04 3.244268e-18 6.656884e-18
1.626707e+04 -6.657696e-19 6.649502e-18
1.627807e+04 -5.158396e-19 6.642104e-18
1.628907e+04 3.435956e-18 6.634689e-18
1.630007e+04 4.638774e-19 6.627257e-18
1.631107e+04 1.134485e-18 6.619808e-18
1.632207e+04 3.623908e-18 6.612342e-18
1.633307e+04 1.379179e-18 6.604858e-18
1.634407e+04 3.113132e-18 6.597356e-18
1.635507e+04 -1.751864e-19 6.589838e-18
1.636607e+04 2.084873e-18 6.582301e-18
1.637707e+04 3.311212e-18 6.574747e-18
1.638807e+04 5.007490e-18 6.567175e-18
1.639907e+04 1.905050e-18 6.559585e-18
1.641007e+04 3.096269e-18 6.551977e-18
1.642107e+04 3.811068e-18 6.544351e-18
1.643207e+04 3.294642e-18 6.536707e-18
1.644307e+04 2.132182e-18 6.529045e-18
1.645407e+04 -5.277878e-19 6.521364e-18
1.646507e+04 1.557668e-18 6.513664e-18
1.647607e+04 1.909227e-18 6.505946e-18
1.648707e+04 4.643409e-18 6.498210e-18
1.649807e+04 5.098521e-19 6.490454e-18
1.650907e+04 -6.811470e-19 6.482680e-18
1.652007e+04 2.557532e-18 6.474887e-18
1.653107e+04 -9.533543e-19 6.467075e-18
1.654207e+04 2.608217e-18 6.459244e-18
1.655307e+04 -1.138285e-18 6.451394e-18
1.656407e+04 2.084375e-18 6.443525e-18
1.657507e+04 4.368630e-18 6.435636e-18
1.658607e+04 5.604557e-19 6.427728e-18
1.659707e+04 -1.380687e-18 6.419801e-18
1.660807e+04 4.678637e-18 6.411853e-18
1.661907e+04 3.759321e-18 6.403887e-18
1.663007e+04 -5.379563e-19 6.395900e-18
1.664107e+04 5.925643e-18 6.387894e-18
1.665207e+04 -7.142324e-19 6.379867e-18
1.666307e+04 5.558021e-18 6.371821e-18
1.667407e+04 1.391624e-18 6.363754e-18
1.668507e+04 3.676936e-18 6.355667e-18
1.669607e+04 1.637336e-18 6.347560e-18
1.670707e+04 -2.760375e-18 6.339433e-18
1.671807e+04 5.908234e-18 6.331285e-18
1.672907e+04 4.713259e-18 6.323116e-18
1.674007e+04 4.551515e-18 6.314927e-18
1.675107e+04 5.734905e-18 6.306717e-18
1.676207e+04 7.050866e-18 6.298486e-18
1.677307e+04 2.691597e-19 6.290235e-18
1.678407e+04 -1.337479e-18 6.281962e-18
1.679507e+04 1.641975e-18 6.273668e-18
1.680607e+04 2.050864e-18 6.265353e-18
1.681707e+04 3.407378e-18 6.257017e-18
1.682807e+04 1.053097e-18 6.248660e-18
1.683907e+04 2.336866e-18 6.240281e-18
1.685007e+04 1.403002e-18 6.231881e-18
1.686107e+04 2.520541e-18 6.223460e-18
1.687207e+04 6.463907e-19 6.215017e-18
1.688307e+04 2.537311e-18 6.206552e-18
1.689407e+04 -9.506793e-19 6.198066e-18
1.690507e+04 4.894715e-18 6.189558e-18
1.691607e+04 -1.542236e-18 6.181028e-18
1.692707e+04 5.757597e-18 6.172477e-18
1.693807e+04 1.827292e-18 6.163903e-18
1.694907e+04 3.480540e-18 6.155308e-18
1.696007e+04 5.186172e-18 6.146690e-18
1.697107e+04 1.522694e-18 6.138051e-18
1.698207e+04 4.266908e-18 6.129389e-18
1.699307e+04 1.289281e-18 6.120705e-18
1.700407e+04 4.530955e-18 6.111999e-18
1.701507e+04 2.063815e-18 6.103271e-18
1.702607e+04 -5.229952e-20 6.094521e-18
1.703707e+04 4.820327e-18 6.085748e-18
1.704807e+04 2.989714e-17 6.076953e-18
1.705907e+04 1.240592e-16 6.068135e-18
1.707007e+04 1.518861e-16 6.059295e-18
1.708107e+04 4.903943e-17 6.050433e-18
1.709207e+04 5.670291e-18 6.041548e-18
1.710307e+04 -8.984244e-19 6.032641e-18
1.711407e+04 3.744212e-18 6.023711e-18
1.712507e+04 2.387995e-18 6.014759e-18
1.713607e+04 8.370296e-19 6.005784e-18
1.714707e+04 1.748956e-18 5.996787e-18
1.715807e+04 -3.293007e-18 5.987767e-18
1.716907e+04 1.247749e-18 5.978725e-18
1.718007e+04 4.236010e-19 5.969660e-18
1.719107e+04 -9.888565e-20 5.960572e-18
1.720207e+04 5.452171e-19 5.951462e-18
1.721307e+04 1.137515e-18 5.942329e-18
1.722407e+04 1.466313e-18 5.933174e-18
1.723507e+04 5.812171e-18 5.923996e-18
1.724607e+04 3.521697e-18 5.914795e-18
1.725707e+04 3.343236e-18 5.905572e-18
1.726807e+04 3.076031e-18 5.896326e-18
1.727907e+04 -1.699715e-18 5.887058e-18
1.729007e+04 -1.524431e-18 5.877768e-18
1.730107e+04 3.090195e-18 5.868455e-18
1.731207e+04 1.407507e-18 5.859119e-18
1.732307e+04 4.558076e-18 5.849761e-18
1.733407e+04 5.011903e-18 5.840381e-18
1.734507e+04 9.588754e-19 5.830978e-18
1.735607e+04 2.456294e-18 5.821553e-18
1.736707e+04 6.008076e-18 5.812106e-18
1.737807e+04 -6.982499e-19 5.802637e-18
1.738907e+04 -7.220915e-20 5.793145e-18
1.740007e+04 6.464017e-18 5.783631e-18
1.741107e+04 -1.952008e-19 5.774096e-18
1.742207e+04 6.586366e-18 5.764538e-18
1.743307e+04 4.927982e-18 5.754958e-18
1.744407e+04 3.248999e-18 5.745356e-18
1.745507e+04 4.767800e-18 5.735733e-18
1.746607e+04 4.967804e-18 5.726088e-18
1.747707e+04 4.158107e-18 5.716421e-18
1.748807e+04 3.563600e-18 5.706732e-18
1.749907e+04 -2.909879e-19 5.697022e-18
1.751007e+04 -1.762289e-18 5.687290e-18
1.752107e+04 -4.884560e-19 5.677537e-18
1.753207e+04 -6.922983e-19 5.667763e-18
1.754307e+04 9.020328e-19 5.657968e-18
1.755407e+04 2.801056e-18 5.648151e-18
1.756507e+04 1.783881e-18 5.638314e-18
1.757607e+04 2.855741e-18 5.628455e-18
1.758707e+04 1.639478e-18 5.618576e-18
1.759807e+04 1.893030e-18 5.608676e-18
1.760907e+04 -1.187520e-18 5.598755e-18
1.762007e+04 3.442594e-18 5.588814e-18
1.763107e+04 -1.584022e-18 5.578853e-18
1.764207e+04 2.933345e-18 5.568871e-18
1.765307e+04 3.586285e-18 5.558870e-18
1.766407e+04 1.892145e-19 5.548848e-18
1.767507e+04 5.703089e-19 5.538806e-18
1.768607e+04 3.758391e-18 5.528745e-18
1.769707e+04 3.047042e-18 5.518664e-18
1.770807e+04 4.904480e-18 5.508564e-18
1.771907e+04 4.876333e-18 5.498444e-18
1.773007e+04 1.852893e-18 5.488305e-18
1.774107e+04 1.904873e-18 5.478147e-18
1.775207e+04 1.026596e-18 5.467970e-18
1.776307e+04 2.387101e-18 5.457775e-18
1.777407e+04 3.555231e-18 5.447561e-18
1.778507e+04 2.119084e-18 5.437328e-18
1.779607e+04 5.372452e-18 5.427078e-18
1.780707e+04 4.117607e-18 5.416809e-18
1.781807e+04 1.086563e-18 5.406522e-18
1.782907e+04 -2.518880e-19 5.396218e-18
1.784007e+04 8.739089e-19 5.385896e-18
1.785107e+04 4.885974e-18 5.375557e-18
1.786207e+04 -3.279661e-19 5.365200e-18
1.787307e+04 2.215179e-18 5.354827e-18
1.788407e+04 2.237822e-18 5.344436e-18
1.789507e+04 4.684887e-18 5.334029e-18
1.790607e+04 -3.717856e-20 5.323604e-18
1.791707e+04 4.977176e-18 5.313164e-18
1.792807e+04 4.816422e-19 5.302707e-18
1.793907e+04 2.173214e-18 5.292233e-18
1.795007e+04 -3.815352e-18 5.281744e-18
1.796107e+04 4.652550e-19 5.271239e-18
1.797207e+04 2.397078e-18 5.260719e-18
1.798307e+04 1.653156e-18 5.250183e-18
1.799407e+04 2.398937e-18 5.239632e-18
1.800507e+04 6.062679e-18 5.229067e-18
1.801607e+04 -1.284545e-18 5.218486e-18
1.802707e+04 -3.262705e-20 5.207892e-18
1.803807e+04 -5.905363e-19 5.197283e-18
1.804907e+04 4.144262e-18 5.186660e-18
1.806007e+04 1.080819e-18 5.176023e-18
1.807107e+04 4.356961e-18 5.165373e-18
1.808207e+04 1.457971e-18 5.154710e-18
1.809307e+04 1.081564e-18 5.144033e-18
1.810407e+04 -7.009645e-19 5.133344e-18
1.811507e+04 2.001967e-18 5.122643e-18
1.812607e+04 -1.511129e-18 5.111929e-18
1.813707e+04 2.977321e-18 5.101203e-18
1.814807e+04 5.811373e-18 5.090465e-18
1.815907e+04 1.586867e-18 5.079716e-18
1.817007e+04 2.866470e-18 5.068955e-18
1.818107e+04 2.961257e-18 5.058184e-18
1.819207e+04 2.628230e-18 5.047402e-18
1.820307e+04 -1.033001e-18 5.036609e-18
1.821407e+04 2.943048e-18 5.025806e-18
1.822507e+04 -1.050150e-18 5.014994e-18
1.823607e+04 8.592440e-19 5.004171e-18
1.824707e+04 -3.459779e-19 4.993339e-18
1.825807e+04 1.393689e-18 4.982499e-18
1.826907e+04 3.244932e-18 4.971649e-18
1.828007e+04 2.503749e-18 4.960791e-18
1.829107e+04 1.973469e-18 4.949925e-18
1.830207e+04 2.269088e-18 4.939051e-18
1.831307e+04 1.658611e-18 4.928169e-18
1.832407e+04 -5.586259e-19 4.917280e-18
1.833507e+04 -1.577976e-18 4.906383e-18
1.834607e+04 3.892325e-18 4.895480e-18
1.835707e+04 2.498256e-19 4.884571e-18
1.836807e+04 4.694549e-18 4.873656e-18
1.837907e+04 5.969026e-18 4.862734e-18
1.839007e+04 1.675508e-18 4.851807e-18
1.840107e+04 2.718290e-18 4.840875e-18
1.841207e+04 2.181347e-18 4.829938e-18
1.842307e+04 -6.635366e-19 4.818997e-18
1.843407e+04 6.605028e-19 4.808051e-18
1.844507e+04 -1.044656e-18 4.797101e-18
1.845607e+04 3.712527e-18 4.786148e-18
1.846707e+04 2.132062e-19 4.775191e-18
1.847807e+04 2.672828e-18 4.764231e-18
1.848907e+04 -1.437843e-19 4.753269e-18
1.850007e+04 -3.708977e-19 4.742304e-18
1.851107e+04 1.505700e-18 4.731338e-18
1.852207e+04 1.240154e-18 4.720370e-18
1.853307e+04 8.147037e-19 4.709400e-18
1.854407e+04 3.318273e-18 4.698429e-18
1.855507e+04 -1.678322e-19 4.687458e-18
1.856607e+04 -1.258123e-18 4.676487e-18
1.857707e+04 8.096088e-19 4.665515e-18
1.858807e+04 -2.101482e-18 4.654544e-18
1.859907e+04 -8.696247e-19 4.643574e-18
1.861007e+04 1.350508e-18 4.632605e-18
1.862107e+04 5.421526e-18 4.621637e-18
1.863207e+04 -5.046782e-18 4.610671e-18
1.864307e+04 1.398849e-18 4.599707e-18
1.865407e+04 -2.292340e-18 4.588745e-18
1.866507e+04 2.214365e-18 4.577787e-18
1.867607e+04 6.278191e-18 4.566831e-18
1.868707e+04 4.566605e-18 4.555879e-18
1.869807e+04 8.358591e-21 4.544931e-18
1.870907e+04 1.787111e-18 4.533988e-18
1.872007e+04 1.603802e-18 4.523049e-18
1.873107e+04 -2.745780e-19 4.512115e-18
1.874207e+04 -8.078414e-19 4.501186e-18
1.875307e+04 1.287487e-18 4.490263e-18
1.876407e+04 2.382233e-18 4.479346e-18
1.877507e+04 -1.167946e-18 4.468436e-18
1.878607e+04 -7.893609e-20 4.457532e-18
1.879707e+04 2.658390e-18 4.446635e-18
1.880807e+04 3.783601e-18 4.435747e-18
1.881907e+04 1.670197e-18 4.424866e-18
1.883007e+04 1.778290e-18 4.413993e-18
1.884107e+04 5.343692e-18 4.403129e-18
1.885207e+04 -1.535845e-18 4.392274e-18
1.886307e+04 8.358513e-20 4.381429e-18
1.887407e+04 2.248189e-18 4.370593e-18
1.888507e+04 3.063175e-18 4.359768e-18
1.889607e+04 1.239529e-18 4.348953e-18
1.890707e+04 1.298573e-18 4.338149e-18
1.891807e+04 1.869285e-18 4.327356e-18
1.892907e+04 -1.573606e-18 4.316575e-18
1.894007e+04 -1.514678e-18 4.305807e-18
1.895107e+04 1.251056e-18 4.295050e-18
1.896207e+04 2.625967e-18 4.284307e-18
1.897307e+04 -7.214814e-19 4.273577e-18
1.898407e+04 -3.278490e-18 4.262860e-18
1.899507e+04 3.954304e-18 4.252158e-18
1.900607e+04 3.452522e-18 4.241469e-18
1.901707e+04 -4.838109e-19 4.230796e-18
1.902807e+04 4.142962e-18 4.220138e-18
1.903907e+04 -1.053098e-18 4.209495e-18
1.905007e+04 4.819288e-18 4.198868e-18
1.906107e+04 2.581023e-18 4.188258e-18
1.907207e+04 6.699687e-19 4.177664e-18
1.908307e+04 4.176033e-18 4.167087e-18
1.909407e+04 6.600614e-19 4.156528e-18
1.910507e+04 -5.048051e-19 4.145987e-18
1.911607e+04 3.451667e-19 4.135464e-18
1.912707e+04 2.261949e-18 4.124960e-18
1.913807e+04 2.239156e-18 4.114474e-18
1.914907e+04 -1.663794e-18 4.104008e-18
1.916007e+04 4.886976e-18 4.093562e-18
1.917107e+04 -4.941534e-19 4.083136e-18
1.918207e+04 -2.490921e-18 4.072731e-18
1.919307e+04 3.484130e-18 4.062347e-18
1.920407e+04 3.784476e-18 4.051984e-18
1.921507e+04 -1.834679e-19 4.041643e-18
1.922607e+04 2.283103e-18 4.031324e-18
1.923707e+04 3.977702e-19 4.021027e-18
1.924807e+04 3.492789e-18 4.010754e-18
1.925907e+04 6.288763e-19 4.000504e-18
1.927007e+04 -2.362083e-18 3.990278e-18
1.928107e+04 3.223511e-18 3.980076e-18
1.929207e+04 -2.050956e-18 3.969899e-18
