# wavelength (A)  f_lam (erg/s/cm2/A) fe_lam (erg/s/cm2/A)
1.000063e+04 7.186781e-18 2.836784e-18
1.001163e+04 8.519584e-18 2.836531e-18
1.002263e+04 8.245711e-18 2.836261e-18
1.003363e+04 6.638192e-18 2.835974e-18
1.004463e+04 9.605053e-18 2.835670e-18
1.005563e+04 1.066772e-17 2.835350e-18
1.006663e+04 8.322335e-18 2.835013e-18
1.007763e+04 1.164348e-17 2.834659e-18
1.008863e+04 1.341931e-17 2.834289e-18
1.009963e+04 1.520488e-17 2.833902e-18
1.011063e+04 1.142229e-17 2.833499e-18
1.012163e+04 1.163179e-17 2.833079e-18
1.013263e+04 9.357630e-18 2.832642e-18
1.014363e+04 9.592176e-18 2.832189e-18
1.015463e+04 7.423702e-18 2.831720e-18
1.016563e+04 7.385163e-18 2.831234e-18
1.017663e+04 4.807422e-18 2.830731e-18
1.018763e+04 1.447403e-17 2.830213e-18
1.019863e+04 8.779437e-18 2.829677e-18
1.020963e+04 8.512230e-18 2.829126e-18
1.022063e+04 7.930385e-18 2.828559e-18
1.023163e+04 1.045243e-17 2.827975e-18
1.024263e+04 9.070230e-18 2.827375e-18
1.025363e+04 5.050885e-18 2.826759e-18
1.026463e+04 5.646613e-18 2.826127e-18
1.027563e+04 4.147865e-18 2.825479e-18
1.028663e+04 4.888636e-18 2.824814e-18
1.029763e+04 3.404173e-18 2.824134e-18
1.030863e+04 7.454490e-18 2.823438e-18
1.031963e+04 6.405956e-18 2.822727e-18
1.033063e+04 6.472689e-18 2.821999e-18
1.034163e+04 1.150002e-17 2.821256e-18
1.035263e+04 5.970520e-18 2.820497e-18
1.036363e+04 7.376873e-18 2.819723e-18
1.037463e+04 7.067446e-18 2.818933e-18
1.038563e+04 7.859050e-18 2.818127e-18
1.039663e+04 4.346771e-18 2.817306e-18
1.040763e+04 5.258733e-18 2.816470e-18
1.041863e+04 1.195266e-17 2.815619e-18
1.042963e+04 2.216983e-17 2.814752e-18
1.044063e+04 3.162978e-17 2.813870e-18
1.045163e+04 2.122396e-17 2.812973e-18
1.046263e+04 8.335190e-18 2.812061e-18
1.047363e+04 6.195367e-18 2.811133e-18
1.048463e+04 6.958578e-18 2.810191e-18
1.049563e+04 6.917193e-18 2.809234e-18
1.050663e+04 6.400483e-18 2.808263e-18
1.051763e+04 8.091301e-18 2.807276e-18
1.052863e+04 1.207032e-17 2.806275e-18
1.053963e+04 9.369544e-18 2.805260e-18
1.055063e+04 5.564979e-18 2.804229e-18
1.056163e+04 6.545446e-18 2.803185e-18
1.057263e+04 5.547986e-18 2.802126e-18
1.058363e+04 6.414630e-18 2.801053e-18
1.059463e+04 5.122038e-18 2.799965e-18
1.060563e+04 1.306345e-17 2.798863e-18
1.061663e+04 5.554106e-18 2.797748e-18
1.062763e+04 6.736044e-18 2.796618e-18
1.063863e+04 7.719761e-18 2.795475e-18
1.064963e+04 8.326468e-18 2.794317e-18
1.066063e+04 7.477009e-18 2.793146e-18
1.067163e+04 6.540250e-18 2.791961e-18
1.068263e+04 8.875595e-18 2.790763e-18
1.069363e+04 1.059848e-17 2.789551e-18
1.070463e+04 6.995845e-18 2.788326e-18
1.071563e+04 7.140531e-18 2.787087e-18
1.072663e+04 7.038210e-18 2.785835e-18
1.073763e+04 5.797503e-18 2.784570e-18
1.074863e+04 7.247437e-18 2.783292e-18
1.075963e+04 8.111655e-18 2.782001e-18
1.077063e+04 1.160611e-17 2.780697e-18
1.078163e+04 5.911697e-18 2.779380e-18
1.079263e+04 7.073605e-18 2.778051e-18
1.080363e+04 9.271271e-18 2.776709e-18
1.081463e+04 1.026296e-17 2.775354e-18
1.082563e+04 1.077015e-17 2.773987e-18
1.083663e+04 1.641749e-17 2.772607e-18
1.084763e+04 1.066528e-17 2.771216e-18
1.085863e+04 1.325435e-17 2.769812e-18
1.086963e+04 1.028555e-17 2.768396e-18
1.088063e+04 9.151288e-18 2.766968e-18
1.089163e+04 8.227224e-18 2.765528e-18
1.090263e+04 1.217638e-17 2.764077e-18
1.091363e+04 1.190195e-17 2.762613e-18
1.092463e+04 8.839358e-18 2.761139e-18
1.093563e+04 7.868643e-18 2.759652e-18
1.094663e+04 9.752689e-18 2.758155e-18
1.095763e+04 9.509695e-18 2.756646e-18
1.096863e+04 8.641123e-18 2.755126e-18
1.097963e+04 9.776357e-18 2.753594e-18
1.099063e+04 1.168148e-17 2.752052e-18
1.100163e+04 1.135791e-17 2.750499e-18
1.101263e+04 9.042280e-18 2.748935e-18
1.102363e+04 1.004108e-17 2.747361e-18
1.103463e+04 1.191833e-17 2.745776e-18
1.104563e+04 7.993234e-18 2.744180e-18
1.105663e+04 1.253798e-17 2.742574e-18
1.106763e+04 5.562668e-18 2.740958e-18
1.107863e+04 9.449542e-18 2.739332e-18
1.108963e+04 1.024905e-17 2.737695e-18
1.110063e+04 6.812347e-18 2.736049e-18
1.111163e+04 1.851869e-18 2.734393e-18
1.112263e+04 3.790393e-18 2.732727e-18
1.113363e+04 6.385375e-18 2.731052e-18
1.114463e+04 6.126889e-18 2.729367e-18
1.115563e+04 7.824952e-18 2.727672e-18
1.116663e+04 5.733937e-18 2.725968e-18
1.117763e+04 1.169016e-17 2.724256e-18
1.118863e+04 8.120520e-18 2.722534e-18
1.119963e+04 7.720881e-18 2.720803e-18
1.121063e+04 9.429497e-18 2.719063e-18
1.122163e+04 6.693156e-18 2.717314e-18
1.123263e+04 9.246818e-18 2.715557e-18
1.124363e+04 7.262888e-18 2.713792e-18
1.125463e+04 9.840979e-18 2.712017e-18
1.126563e+04 7.811801e-18 2.710235e-18
1.127663e+04 9.243504e-18 2.708444e-18
1.128763e+04 1.021408e-17 2.706646e-18
1.129863e+04 7.836195e-18 2.704839e-18
1.130963e+04 5.313299e-18 2.703024e-18
1.132063e+04 7.327238e-18 2.701202e-18
1.133163e+04 5.691425e-18 2.699372e-18
1.134263e+04 1.102993e-17 2.697535e-18
1.135363e+04 1.038669e-17 2.695690e-18
1.136463e+04 6.119141e-18 2.693837e-18
1.137563e+04 3.981563e-18 2.691978e-18
1.138663e+04 1.057162e-17 2.690111e-18
1.139763e+04 9.079803e-18 2.688238e-18
1.140863e+04 7.610776e-18 2.686358e-18
1.141963e+04 6.141324e-18 2.684470e-18
1.143063e+04 6.189727e-18 2.682577e-18
1.144163e+04 8.486561e-18 2.680676e-18
1.145263e+04 7.208813e-18 2.678770e-18
1.146363e+04 7.252492e-18 2.676857e-18
1.147463e+04 6.780239e-18 2.674938e-18
1.148563e+04 1.147808e-17 2.673013e-18
1.149663e+04 8.114523e-18 2.671082e-18
1.150763e+04 7.879536e-18 2.669145e-18
1.151863e+04 8.850289e-18 2.667202e-18
1.152963e+04 8.317800e-18 2.665254e-18
1.154063e+04 1.186899e-17 2.663300e-18
1.155163e+04 1.016844e-17 2.661341e-18
1.156263e+04 6.918892e-18 2.659376e-18
1.157363e+04 9.770567e-18 2.657407e-18
1.158463e+04 7.473821e-18 2.655432e-18
1.159563e+04 7.903024e-18 2.653453e-18
1.160663e+04 7.397902e-18 2.651468e-18
1.161763e+04 8.796868e-18 2.649479e-18
1.162863e+04 7.218787e-18 2.647486e-18
1.163963e+04 6.065216e-18 2.645487e-18
1.165063e+04 5.985136e-18 2.643485e-18
1.166163e+04 6.415340e-18 2.641478e-18
1.167263e+04 1.087899e-17 2.639467e-18
1.168363e+04 6.111535e-18 2.637452e-18
1.169463e+04 6.356718e-18 2.635434e-18
1.170563e+04 8.645800e-18 2.633411e-18
1.171663e+04 7.769174e-18 2.631385e-18
1.172763e+04 6.130278e-18 2.629355e-18
1.173863e+04 6.962936e-18 2.627321e-18
1.174963e+04 8.195837e-18 2.625284e-18
1.176063e+04 5.419914e-18 2.623244e-18
1.177163e+04 4.529488e-18 2.621201e-18
1.178263e+04 1.029737e-17 2.619155e-18
1.179363e+04 8.993637e-18 2.617106e-18
1.180463e+04 7.790226e-18 2.615054e-18
1.181563e+04 4.061541e-18 2.612999e-18
1.182663e+04 3.513936e-18 2.610942e-18
1.183763e+04 6.241507e-18 2.608882e-18
1.184863e+04 8.398049e-18 2.606820e-18
1.185963e+04 8.650296e-18 2.604756e-18
1.187063e+04 9.353332e-18 2.602689e-18
1.188163e+04 3.253077e-18 2.600620e-18
1.189263e+04 8.061719e-18 2.598550e-18
1.190363e+04 8.210548e-18 2.596477e-18
1.191463e+04 6.323885e-18 2.594403e-18
1.192563e+04 7.051701e-18 2.592327e-18
1.193663e+04 9.239290e-18 2.590250e-18
1.194763e+04 7.476812e-18 2.588171e-18
1.195863e+04 7.848794e-18 2.586091e-18
1.196963e+04 7.503694e-18 2.584009e-18
1.198063e+04 8.379251e-18 2.581927e-18
1.199163e+04 4.676503e-18 2.579843e-18
1.200263e+04 3.020732e-18 2.577759e-18
1.201363e+04 8.387180e-18 2.575674e-18
1.202463e+04 6.917930e-18 2.573588e-18
1.203563e+04 6.211074e-18 2.571501e-18
1.204663e+04 7.646350e-18 2.569414e-18
1.205763e+04 7.014426e-18 2.567326e-18
1.206863e+04 5.227508e-18 2.565239e-18
1.207963e+04 9.602507e-18 2.563151e-18
1.209063e+04 7.073247e-18 2.561062e-18
1.210163e+04 7.424506e-18 2.558974e-18
1.211263e+04 3.586990e-18 2.556886e-18
1.212363e+04 9.472998e-18 2.554798e-18
1.213463e+04 2.585849e-18 2.552710e-18
1.214563e+04 1.179625e-17 2.550623e-18
1.215663e+04 8.166069e-18 2.548536e-18
1.216763e+04 6.834443e-18 2.546450e-18
1.217863e+04 5.549055e-18 2.544364e-18
1.218963e+04 7.882037e-18 2.542279e-18
1.220063e+04 9.513386e-18 2.540195e-18
1.221163e+04 8.055765e-18 2.538112e-18
1.222263e+04 8.287957e-18 2.536030e-18
1.223363e+04 7.210196e-18 2.533949e-18
1.224463e+04 8.754784e-18 2.531869e-18
1.225563e+04 7.414637e-18 2.529791e-18
1.226663e+04 6.442685e-18 2.527714e-18
1.227763e+04 5.273947e-18 2.525638e-18
1.228863e+04 6.720808e-18 2.523564e-18
1.229963e+04 4.758587e-18 2.521491e-18
1.231063e+04 3.498526e-18 2.519421e-18
1.232163e+04 9.292603e-18 2.517352e-18
1.233263e+04 3.243459e-18 2.515285e-18
1.234363e+04 4.864868e-18 2.513220e-18
1.235463e+04 8.823598e-18 2.511157e-18
1.236563e+04 4.865778e-18 2.509096e-18
1.237663e+04 6.906732e-18 2.507037e-18
1.238763e+04 4.165935e-18 2.504981e-18
1.239863e+04 8.907405e-18 2.502927e-18
1.240963e+04 6.626122e-18 2.500876e-18
1.242063e+04 5.967720e-18 2.498827e-18
1.243163e+04 3.782465e-18 2.496781e-18
1.244263e+04 7.928748e-18 2.494738e-18
1.245363e+04 3.712478e-18 2.492697e-18
1.246463e+04 5.844094e-18 2.490659e-18
1.247563e+04 6.637837e-18 2.488625e-18
1.248663e+04 4.973736e-18 2.486593e-18
1.249763e+04 4.426518e-18 2.484564e-18
1.250863e+04 4.334418e-18 2.482539e-18
1.251963e+04 3.453471e-18 2.480517e-18
1.253063e+04 5.972000e-18 2.478498e-18
1.254163e+04 6.771537e-18 2.476483e-18
1.255263e+04 7.165685e-18 2.474471e-18
1.256363e+04 6.298545e-18 2.472462e-18
1.257463e+04 6.421779e-18 2.470458e-18
1.258563e+04 5.300224e-18 2.468457e-18
1.259663e+04 7.666363e-18 2.466459e-18
1.260763e+04 5.277758e-18 2.464466e-18
1.261863e+04 7.591777e-18 2.462476e-18
1.262963e+04 5.330343e-18 2.460491e-18
1.264063e+04 7.621615e-18 2.458509e-18
1.265163e+04 6.065089e-18 2.456532e-18
1.266263e+04 9.972083e-18 2.454559e-18
1.267363e+04 5.551140e-18 2.452590e-18
1.268463e+04 6.612440e-18 2.450625e-18
1.269563e+04 7.846367e-18 2.448665e-18
1.270663e+04 7.228952e-18 2.446709e-18
1.271763e+04 3.662631e-18 2.444757e-18
1.272863e+04 3.547345e-18 2.442811e-18
1.273963e+04 7.464327e-18 2.440868e-18
1.275063e+04 2.880773e-18 2.438931e-18
1.276163e+04 5.333348e-18 2.436998e-18
1.277263e+04 7.393615e-18 2.435070e-18
1.278363e+04 6.193085e-18 2.433147e-18
1.279463e+04 6.368149e-18 2.431228e-18
1.280563e+04 7.254358e-18 2.429315e-18
1.281663e+04 7.725202e-18 2.427407e-18
1.282763e+04 3.958013e-18 2.425504e-18
1.283863e+04 6.884877e-18 2.423606e-18
1.284963e+04 7.530884e-18 2.421713e-18
1.286063e+04 7.916812e-18 2.419825e-18
1.287163e+04 8.306860e-18 2.417943e-18
1.288263e+04 5.375936e-18 2.416066e-18
1.289363e+04 5.922827e-18 2.414194e-18
1.290463e+04 5.276373e-18 2.412328e-18
1.291563e+04 4.551848e-18 2.410467e-18
1.292663e+04 3.841352e-18 2.408612e-18
1.293763e+04 5.716231e-18 2.406763e-18
1.294863e+04 7.127694e-18 2.404919e-18
1.295963e+04 7.598722e-18 2.403080e-18
1.297063e+04 3.200766e-18 2.401248e-18
1.298163e+04 6.982780e-18 2.399421e-18
1.299263e+04 4.741800e-18 2.397600e-18
1.300363e+04 5.232339e-18 2.395785e-18
1.301463e+04 2.775185e-18 2.393976e-18
1.302563e+04 7.228087e-18 2.392173e-18
1.303663e+04 4.413316e-18 2.390376e-18
1.304763e+04 8.273046e-18 2.388585e-18
1.305863e+04 4.324879e-18 2.386800e-18
1.306963e+04 5.481404e-18 2.385021e-18
1.308063e+04 3.855457e-18 2.383248e-18
1.309163e+04 -6.648887e-19 2.381482e-18
1.310263e+04 2.573605e-18 2.379722e-18
1.311363e+04 7.494154e-18 2.377968e-18
1.312463e+04 6.198122e-18 2.376220e-18
1.313563e+04 5.864863e-18 2.374479e-18
1.314663e+04 4.456607e-18 2.372744e-18
1.315763e+04 4.132947e-18 2.371015e-18
1.316863e+04 1.777296e-18 2.369293e-18
1.317963e+04 5.730286e-18 2.367577e-18
1.319063e+04 6.555733e-18 2.365868e-18
1.320163e+04 6.669847e-18 2.364166e-18
1.321263e+04 4.390824e-18 2.362470e-18
1.322363e+04 3.242180e-18 2.360781e-18
1.323463e+04 5.555839e-18 2.359098e-18
1.324563e+04 8.539957e-18 2.357422e-18
1.325663e+04 4.660900e-18 2.355753e-18
1.326763e+04 2.959088e-18 2.354090e-18
1.327863e+04 5.279617e-18 2.352435e-18
1.328963e+04 5.290228e-18 2.350786e-18
1.330063e+04 5.672042e-18 2.349143e-18
1.331163e+04 3.776529e-18 2.347508e-18
1.332263e+04 2.997986e-18 2.345880e-18
1.333363e+04 5.832627e-18 2.344258e-18
1.334463e+04 4.329904e-18 2.342643e-18
1.335563e+04 4.677721e-18 2.341036e-18
1.336663e+04 5.636130e-18 2.339435e-18
1.337763e+04 5.540050e-18 2.337841e-18
1.338863e+04 5.606441e-18 2.336255e-18
1.339963e+04 3.136803e-18 2.334675e-18
1.341063e+04 4.685427e-18 2.333102e-18
1.342163e+04 2.942674e-18 2.331537e-18
1.343263e+04 7.269040e-18 2.329978e-18
1.344363e+04 6.386059e-18 2.328427e-18
1.345463e+04 9.053650e-18 2.326883e-18
1.346563e+04 7.064070e-18 2.325346e-18
1.347663e+04 7.019778e-18 2.323816e-18
1.348763e+04 6.711123e-18 2.322293e-18
1.349863e+04 4.851058e-18 2.320778e-18
1.350963e+04 4.637202e-18 2.319269e-18
1.352063e+04 6.233093e-18 2.317768e-18
1.353163e+04 6.568605e-18 2.316275e-18
1.354263e+04 4.709601e-18 2.314788e-18
1.355363e+04 1.566787e-18 2.313309e-18
1.356463e+04 8.082891e-18 2.311837e-18
1.357563e+04 5.457580e-18 2.310373e-18
1.358663e+04 4.687534e-18 2.308915e-18
1.359763e+04 6.687468e-18 2.307465e-18
1.360863e+04 1.106999e-17 2.306023e-18
1.361963e+04 1.142058e-17 2.304588e-18
1.363063e+04 6.829112e-18 2.303160e-18
1.364163e+04 4.070796e-18 2.301739e-18
1.365263e+04 1.530316e-18 2.300326e-18
1.366363e+04 2.883852e-18 2.298921e-18
1.367463e+04 5.879512e-18 2.297523e-18
1.368563e+04 5.894155e-18 2.296132e-18
1.369663e+04 8.319219e-18 2.294748e-18
1.370763e+04 5.035809e-18 2.293372e-18
1.371863e+04 4.437780e-18 2.292004e-18
1.372963e+04 6.166437e-18 2.290643e-18
1.374063e+04 7.114968e-18 2.289289e-18
1.375163e+04 6.912971e-18 2.287943e-18
1.376263e+04 6.556946e-18 2.286604e-18
1.377363e+04 6.641891e-18 2.285273e-18
1.378463e+04 4.193129e-18 2.283950e-18
1.379563e+04 6.233945e-18 2.282633e-18
1.380663e+04 4.194770e-18 2.281325e-18
1.381763e+04 8.563867e-18 2.280023e-18
1.382863e+04 5.797230e-18 2.278730e-18
1.383963e+04 3.917052e-18 2.277443e-18
1.385063e+04 5.758030e-18 2.276164e-18
1.386163e+04 8.478185e-18 2.274893e-18
1.387263e+04 7.068266e-18 2.273629e-18
1.388363e+04 1.285563e-17 2.272373e-18
1.389463e+04 1.015978e-17 2.271124e-18
1.390563e+04 4.637640e-18 2.269883e-18
1.391663e+04 7.220734e-18 2.268649e-18
1.392763e+04 4.614976e-18 2.267423e-18
1.393863e+04 7.179419e-18 2.266204e-18
1.394963e+04 4.889276e-18 2.264993e-18
1.396063e+04 6.154708e-18 2.263789e-18
1.397163e+04 4.397089e-18 2.262592e-18
1.398263e+04 1.827586e-18 2.261404e-18
1.399363e+04 6.241107e-18 2.260222e-18
1.400463e+04 6.848945e-18 2.259048e-18
1.401563e+04 1.951862e-17 2.257882e-18
1.402663e+04 2.271651e-17 2.256723e-18
1.403763e+04 6.113609e-18 2.255572e-18
1.404863e+04 5.366919e-18 2.254428e-18
1.405963e+04 2.461329e-18 2.253291e-18
1.407063e+04 2.725803e-18 2.252162e-18
1.408163e+04 2.230511e-18 2.251040e-18
1.409263e+04 1.488222e-18 2.249926e-18
1.410363e+04 4.956332e-18 2.248819e-18
1.411463e+04 4.721202e-18 2.247720e-18
1.412563e+04 6.488891e-18 2.246628e-18
1.413663e+04 2.623872e-18 2.245543e-18
1.414763e+04 1.718295e-18 2.244466e-18
1.415863e+04 4.091402e-18 2.243396e-18
1.416963e+04 4.529239e-18 2.242334e-18
1.418063e+04 1.862356e-18 2.241279e-18
1.419163e+04 4.610264e-18 2.240231e-18
1.420263e+04 3.198769e-18 2.239191e-18
1.421363e+04 5.506591e-18 2.238158e-18
1.422463e+04 7.060950e-18 2.237133e-18
1.423563e+04 5.012861e-18 2.236115e-18
1.424663e+04 5.056290e-18 2.235104e-18
1.425763e+04 2.870493e-18 2.234100e-18
1.426863e+04 5.670265e-18 2.233104e-18
1.427963e+04 4.854271e-18 2.232115e-18
1.429063e+04 1.672944e-18 2.231133e-18
1.430163e+04 6.514040e-18 2.230159e-18
1.431263e+04 4.325047e-18 2.229192e-18
1.432363e+04 4.959240e-18 2.228232e-18
1.433463e+04 4.382615e-18 2.227280e-18
1.434563e+04 9.910329e-19 2.226334e-18
1.435663e+04 5.966281e-18 2.225396e-18
1.436763e+04 3.691746e-19 2.224465e-18
1.437863e+04 4.821257e-18 2.223541e-18
1.438963e+04 3.821015e-18 2.222625e-18
1.440063e+04 3.291149e-18 2.221715e-18
1.441163e+04 6.877274e-18 2.220813e-18
1.442263e+04 3.049615e-18 2.219918e-18
1.443363e+04 3.934848e-18 2.219030e-18
1.444463e+04 4.545394e-18 2.218149e-18
1.445563e+04 6.649157e-18 2.217275e-18
1.446663e+04 3.748959e-18 2.216408e-18
1.447763e+04 3.496768e-18 2.215548e-18
1.448863e+04 3.628028e-18 2.214695e-18
1.449963e+04 6.778646e-18 2.213849e-18
1.451063e+04 3.269790e-18 2.213011e-18
1.452163e+04 3.926651e-18 2.212179e-18
1.453263e+04 2.961736e-18 2.211354e-18
1.454363e+04 6.738079e-18 2.210536e-18
1.455463e+04 4.551311e-18 2.209725e-18
1.456563e+04 5.598907e-18 2.208921e-18
1.457663e+04 2.615568e-18 2.208124e-18
1.458763e+04 4.198127e-18 2.207334e-18
1.459863e+04 7.588156e-18 2.206550e-18
1.460963e+04 2.627775e-18 2.205774e-18
1.462063e+04 9.494277e-18 2.205004e-18
1.463163e+04 1.265869e-18 2.204241e-18
1.464263e+04 4.707952e-18 2.203485e-18
1.465363e+04 1.992073e-18 2.202735e-18
1.466463e+04 4.750304e-18 2.201992e-18
1.467563e+04 2.232405e-18 2.201256e-18
1.468663e+04 7.222720e-18 2.200527e-18
1.469763e+04 5.740470e-18 2.199804e-18
1.470863e+04 4.592834e-18 2.199088e-18
1.471963e+04 1.947919e-18 2.198379e-18
1.473063e+04 4.399291e-18 2.197676e-18
1.474163e+04 3.003145e-18 2.196980e-18
1.475263e+04 2.643677e-18 2.196291e-18
1.476363e+04 5.902430e-18 2.195607e-18
1.477463e+04 4.709867e-18 2.194931e-18
1.478563e+04 4.695311e-18 2.194261e-18
1.479663e+04 3.877051e-18 2.193597e-18
1.480763e+04 2.230491e-18 2.192940e-18
1.481863e+04 5.955721e-18 2.192290e-18
1.482963e+04 5.136833e-18 2.191645e-18
1.484063e+04 3.857732e-18 2.191007e-18
1.485163e+04 4.511803e-18 2.190376e-18
1.486263e+04 3.882064e-18 2.189751e-18
1.487363e+04 2.605599e-18 2.189132e-18
1.488463e+04 2.142822e-18 2.188519e-18
1.489563e+04 5.689745e-18 2.187913e-18
1.490663e+04 7.642962e-18 2.187313e-18
1.491763e+04 5.901504e-18 2.186719e-18
1.492863e+04 5.303288e-18 2.186132e-18
1.493963e+04 8.245756e-19 2.185550e-18
1.495063e+04 4.011561e-18 2.184975e-18
1.496163e+04 5.380104e-18 2.184406e-18
1.497263e+04 5.236719e-18 2.183842e-18
1.498363e+04 2.453953e-18 2.183285e-18
1.499463e+04 3.058504e-18 2.182734e-18
1.500563e+04 3.786802e-18 2.182189e-18
1.501663e+04 4.590101e-18 2.181650e-18
1.502763e+04 2.264321e-18 2.181117e-18
1.503863e+04 5.173518e-18 2.180590e-18
1.504963e+04 8.705936e-18 2.180069e-18
1.506063e+04 2.771133e-18 2.179554e-18
1.507163e+04 8.191118e-18 2.179044e-18
1.508263e+04 4.140374e-18 2.178541e-18
1.509363e+04 3.419437e-18 2.178043e-18
1.510463e+04 4.608957e-18 2.177551e-18
1.511563e+04 4.536148e-18 2.177065e-18
1.512663e+04 2.382655e-18 2.176584e-18
1.513763e+04 4.512525e-18 2.176109e-18
1.514863e+04 5.020691e-18 2.175640e-18
1.515963e+04 2.018205e-18 2.175176e-18
1.517063e+04 4.700460e-18 2.174718e-18
1.518163e+04 4.923843e-18 2.174266e-18
1.519263e+04 4.555367e-18 2.173819e-18
1.520363e+04 3.800987e-18 2.173377e-18
1.521463e+04 1.905663e-18 2.172942e-18
1.522563e+04 2.298132e-18 2.172511e-18
1.523663e+04 2.461048e-18 2.172086e-18
1.524763e+04 -8.733864e-19 2.171666e-18
1.525863e+04 3.544414e-18 2.171252e-18
1.526963e+04 4.627081e-18 2.170843e-18
1.528063e+04 5.776594e-18 2.170440e-18
1.529163e+04 3.121678e-18 2.170041e-18
1.530263e+04 2.943271e-18 2.169648e-18
1.531363e+04 1.197152e-18 2.169260e-18
1.532463e+04 8.753923e-19 2.168877e-18
1.533563e+04 3.992478e-18 2.168500e-18
1.534663e+04 1.716693e-18 2.168127e-18
1.535763e+04 2.401783e-18 2.167760e-18
1.536863e+04 4.273507e-18 2.167397e-18
1.537963e+04 4.680409e-18 2.167040e-18
1.539063e+04 5.016474e-18 2.166688e-18
1.540163e+04 6.096311e-18 2.166340e-18
1.541263e+04 8.236391e-18 2.165998e-18
1.542363e+04 4.734606e-18 2.165660e-18
1.543463e+04 2.632173e-18 2.165327e-18
1.544563e+04 5.049088e-18 2.164999e-18
1.545663e+04 4.629443e-18 2.164676e-18
1.546763e+04 1.995945e-18 2.164358e-18
1.547863e+04 7.229157e-18 2.164044e-18
1.548963e+04 2.984130e-18 2.163735e-18
1.550063e+04 3.677592e-18 2.163431e-18
1.551163e+04 4.396866e-18 2.163131e-18
1.552263e+04 1.718224e-18 2.162836e-18
1.553363e+04 3.600929e-18 2.162545e-18
1.554463e+04 2.519870e-18 2.162259e-18
1.555563e+04 5.607776e-18 2.161978e-18
1.556663e+04 2.948554e-18 2.161700e-18
1.557763e+04 4.194599e-18 2.161428e-18
1.558863e+04 3.260998e-18 2.161159e-18
1.559963e+04 2.465634e-18 2.160895e-18
1.561063e+04 4.399417e-18 2.160635e-18
1.562163e+04 -3.663567e-19 2.160380e-18
1.563263e+04 1.738366e-18 2.160129e-18
1.564363e+04 1.447720e-18 2.159882e-18
1.565463e+04 3.013432e-18 2.159639e-18
1.566563e+04 4.550062e-18 2.159400e-18
1.567663e+04 4.499472e-18 2.159165e-18
1.568763e+04 4.578115e-18 2.158934e-18
1.569863e+04 1.805908e-18 2.158708e-18
1.570963e+04 4.795124e-18 2.158485e-18
1.572063e+04 2.462280e-18 2.158266e-18
1.573163e+04 3.364799e-18 2.158051e-18
1.574263e+04 6.684444e-18 2.157840e-18
1.575363e+04 4.004821e-18 2.157633e-18
1.576463e+04 5.220268e-18 2.157430e-18
1.577563e+04 3.645673e-18 2.157230e-18
1.578663e+04 3.398969e-19 2.157034e-18
1.579763e+04 4.842358e-18 2.156842e-18
1.580863e+04 1.306767e-18 2.156653e-18
1.581963e+04 4.187296e-18 2.156468e-18
1.583063e+04 1.547362e-18 2.156286e-18
1.584163e+04 2.237284e-18 2.156108e-18
1.585263e+04 5.812008e-18 2.155933e-18
1.586363e+04 8.432071e-19 2.155762e-18
1.587463e+04 5.096662e-18 2.155594e-18
1.588563e+04 5.957519e-18 2.155430e-18
1.589663e+04 8.588936e-19 2.155269e-18
1.590763e+04 5.030109e-18 2.155111e-18
1.591863e+04 5.564985e-18 2.154956e-18
1.592963e+04 1.777106e-18 2.154804e-18
1.594063e+04 5.273144e-18 2.154656e-18
1.595163e+04 5.635067e-18 2.154511e-18
1.596263e+04 6.471845e-18 2.154368e-18
1.597363e+04 4.465743e-18 2.154229e-18
1.598463e+04 3.349542e-18 2.154093e-18
1.599563e+04 2.652886e-18 2.153960e-18
1.600663e+04 1.905272e-18 2.153829e-18
1.601763e+04 5.735340e-18 2.153701e-18
1.602863e+04 2.844522e-18 2.153577e-18
1.603963e+04 4.329488e-18 2.153455e-18
1.605063e+04 4.555474e-18 2.153335e-18
1.606163e+04 3.101235e-18 2.153219e-18
1.607263e+04 3.717300e-18 2.153105e-18
1.608363e+04 4.398795e-18 2.152993e-18
1.609463e+04 6.326551e-18 2.152884e-18
1.610563e+04 5.363946e-18 2.152778e-18
1.611663e+04 1.667976e-18 2.152674e-18
1.612763e+04 2.617543e-18 2.152572e-18
1.613863e+04 7.362928e-18 2.152473e-18
1.614963e+04 9.305509e-19 2.152376e-18
1.616063e+04 3.298188e-18 2.152282e-18
1.617163e+04 4.513831e-18 2.152189e-18
1.618263e+04 3.588871e-18 2.152099e-18
1.619363e+04 6.614627e-18 2.152011e-18
1.620463e+04 4.467531e-18 2.151925e-18
1.621563e+04 5.325556e-18 2.151842e-18
1.622663e+04 4.013345e-18 2.151760e-18
1.623763e+04 4.692602e-18 2.151680e-18
1.624863e+04 5.834942e-18 2.151602e-18
1.625963e+04 7.889572e-18 2.151526e-18
1.627063e+04 4.895220e-18 2.151452e-18
1.628163e+04 2.917689e-18 2.151379e-18
1.629263e+04 4.690177e-18 2.151308e-18
1.630363e+04 8.779930e-18 2.151239e-18
1.631463e+04 2.842117e-18 2.151172e-18
1.632563e+04 7.452357e-19 2.151106e-18
1.633663e+04 4.513823e-18 2.151042e-18
1.634763e+04 4.387178e-18 2.150979e-18
1.635863e+04 4.505927e-18 2.150918e-18
1.636963e+04 4.008662e-18 2.150858e-18
1.638063e+04 4.309515e-18 2.150800e-18
1.639163e+04 6.908049e-19 2.150742e-18
1.640263e+04 3.925908e-18 2.150687e-18
1.641363e+04 2.630924e-18 2.150632e-18
1.642463e+04 4.369355e-18 2.150578e-18
1.643563e+04 8.001244e-19 2.150526e-18
1.644663e+04 2.539798e-18 2.150475e-18
1.645763e+04 3.583629e-18 2.150425e-18
1.646863e+04 9.797755e-19 2.150375e-18
1.647963e+04 3.505186e-18 2.150327e-18
1.649063e+04 4.649724e-18 2.150280e-18
1.650163e+04 5.246901e-18 2.150233e-18
1.651263e+04 5.755996e-18 2.150187e-18
1.652363e+04 3.651590e-18 2.150142e-18
1.653463e+04 3.508596e-18 2.150098e-18
1.654563e+04 -4.390872e-19 2.150055e-18
1.655663e+04 3.579875e-18 2.150012e-18
1.656763e+04 3.143186e-18 2.149969e-18
1.657863e+04 4.250591e-18 2.149927e-18
1.658963e+04 5.755381e-18 2.149886e-18
1.660063e+04 5.992237e-18 2.149845e-18
1.661163e+04 6.426415e-18 2.149804e-18
1.662263e+04 4.729765e-18 2.149764e-18
1.663363e+04 5.086348e-18 2.149724e-18
1.664463e+04 4.541388e-18 2.149684e-18
1.665563e+04 2.173079e-18 2.149644e-18
1.666663e+04 3.391243e-18 2.149605e-18
1.667763e+04 5.667901e-18 2.149565e-18
1.668863e+04 4.436531e-18 2.149526e-18
1.669963e+04 6.536000e-18 2.149486e-18
1.671063e+04 5.537188e-18 2.149447e-18
1.672163e+04 5.604266e-18 2.149407e-18
1.673263e+04 2.554361e-18 2.149368e-18
1.674363e+04 4.983438e-18 2.149328e-18
1.675463e+04 3.079635e-18 2.149288e-18
1.676563e+04 1.635102e-18 2.149247e-18
1.677663e+04 1.472455e-18 2.149206e-18
1.678763e+04 4.028379e-18 2.149165e-18
1.679863e+04 2.702758e-18 2.149123e-18
1.680963e+04 2.277873e-18 2.149081e-18
1.682063e+04 4.920801e-18 2.149039e-18
1.683163e+04 2.871730e-18 2.148995e-18
1.684263e+04 4.505480e-18 2.148951e-18
1.685363e+04 5.674819e-18 2.148907e-18
1.686463e+04 6.493194e-18 2.148862e-18
1.687563e+04 3.214192e-18 2.148816e-18
1.688663e+04 5.772342e-19 2.148769e-18
1.689763e+04 4.855533e-18 2.148721e-18
1.690863e+04 5.725835e-18 2.148672e-18
1.691963e+04 1.863287e-18 2.148623e-18
1.693063e+04 4.776363e-18 2.148572e-18
1.694163e+04 4.710001e-18 2.148520e-18
1.695263e+04 4.122339e-18 2.148467e-18
1.696363e+04 5.244401e-18 2.148413e-18
1.697463e+04 7.490925e-18 2.148358e-18
1.698563e+04 4.474421e-18 2.148302e-18
1.699663e+04 5.868937e-18 2.148244e-18
1.700763e+04 8.561441e-19 2.148185e-18
1.701863e+04 5.228640e-18 2.148125e-18
1.702963e+04 3.382598e-18 2.148063e-18
1.704063e+04 3.626898e-18 2.147999e-18
1.705163e+04 1.650503e-18 2.147935e-18
1.706263e+04 4.938800e-18 2.147868e-18
1.707363e+04 2.887716e-18 2.147800e-18
1.708463e+04 3.828066e-18 2.147730e-18
1.709563e+04 3.292975e-18 2.147659e-18
1.710663e+04 4.676954e-18 2.147586e-18
1.711763e+04 2.503579e-18 2.147511e-18
1.712863e+04 3.092079e-18 2.147434e-18
1.713963e+04 4.561811e-18 2.147355e-18
1.715063e+04 1.534823e-18 2.147275e-18
1.716163e+04 4.577949e-18 2.147192e-18
1.717263e+04 1.899308e-18 2.147108e-18
1.718363e+04 2.031693e-18 2.147021e-18
1.719463e+04 3.865768e-18 2.146932e-18
1.720563e+04 3.073586e-18 2.146841e-18
1.721663e+04 2.329749e-18 2.146748e-18
1.722763e+04 5.894456e-18 2.146652e-18
1.723863e+04 4.656238e-18 2.146555e-18
1.724963e+04 4.065483e-18 2.146455e-18
1.726063e+04 3.834935e-18 2.146352e-18
1.727163e+04 2.114116e-18 2.146247e-18
1.728263e+04 5.675157e-18 2.146140e-18
1.729363e+04 2.616046e-18 2.146030e-18
1.730463e+04 6.239598e-18 2.145918e-18
1.731563e+04 2.924980e-18 2.145803e-18
1.732663e+04 1.287324e-18 2.145685e-18
1.733763e+04 2.115617e-18 2.145565e-18
1.734863e+04 1.727237e-18 2.145442e-18
1.735963e+04 5.958493e-18 2.145317e-18
1.737063e+04 1.059106e-18 2.145188e-18
1.738163e+04 4.032637e-18 2.145057e-18
1.739263e+04 4.105863e-18 2.144923e-18
1.740363e+04 1.503115e-18 2.144786e-18
1.741463e+04 5.511326e-18 2.144646e-18
1.742563e+04 2.179846e-18 2.144502e-18
1.743663e+04 5.607200e-18 2.144356e-18
1.744763e+04 2.103186e-18 2.144207e-18
1.745863e+04 3.246835e-18 2.144055e-18
1.746963e+04 1.902588e-18 2.143900e-18
1.748063e+04 5.925501e-18 2.143741e-18
1.749163e+04 2.955315e-19 2.143580e-18
1.750263e+04 1.638980e-18 2.143415e-18
1.751363e+04 1.760066e-18 2.143246e-18
1.752463e+04 4.200593e-18 2.143075e-18
1.753563e+04 5.348644e-18 2.142900e-18
1.754663e+04 7.563912e-18 2.142722e-18
1.755763e+04 5.349293e-18 2.142540e-18
1.756863e+04 1.745551e-18 2.142355e-18
1.757963e+04 4.685399e-18 2.142166e-18
1.759063e+04 1.912005e-18 2.141974e-18
1.760163e+04 4.493078e-18 2.141778e-18
1.761263e+04 4.269572e-19 2.141579e-18
1.762363e+04 2.415598e-18 2.141376e-18
1.763463e+04 6.160995e-18 2.141169e-18
1.764563e+04 1.953480e-18 2.140959e-18
1.765663e+04 3.185980e-18 2.140745e-18
1.766763e+04 4.111090e-18 2.140527e-18
1.767863e+04 2.767899e-18 2.140305e-18
1.768963e+04 -3.780771e-19 2.140080e-18
1.770063e+04 1.884991e-19 2.139850e-18
1.771163e+04 1.810586e-18 2.139617e-18
1.772263e+04 4.615753e-18 2.139380e-18
1.773363e+04 3.891407e-18 2.139139e-18
1.774463e+04 4.344815e-18 2.138894e-18
1.775563e+04 3.757379e-18 2.138645e-18
1.776663e+04 4.554978e-18 2.138392e-18
1.777763e+04 2.442262e-18 2.138135e-18
1.778863e+04 7.434034e-19 2.137874e-18
1.779963e+04 5.378810e-18 2.137609e-18
1.781063e+04 5.839157e-18 2.137339e-18
1.782163e+04 2.606289e-18 2.137066e-18
1.783263e+04 3.008630e-18 2.136788e-18
1.784363e+04 3.787357e-18 2.136506e-18
1.785463e+04 3.661635e-18 2.136220e-18
1.786563e+04 1.143573e-18 2.135929e-18
1.787663e+04 6.026153e-18 2.135635e-18
1.788763e+04 2.852213e-18 2.135335e-18
1.789863e+04 2.426780e-18 2.135032e-18
1.790963e+04 5.343353e-18 2.134724e-18
1.792063e+04 6.171433e-18 2.134412e-18
1.793163e+04 3.147560e-18 2.134096e-18
1.794263e+04 4.312062e-18 2.133775e-18
1.795363e+04 2.092051e-18 2.133449e-18
1.796463e+04 2.336698e-18 2.133120e-18
1.797563e+04 5.233514e-18 2.132785e-18
1.798663e+04 1.064050e-18 2.132447e-18
1.799763e+04 4.137739e-18 2.132103e-18
1.800863e+04 4.689686e-19 2.131755e-18
1.801963e+04 2.232844e-18 2.131403e-18
1.803063e+04 2.202736e-18 2.131046e-18
1.804163e+04 2.814434e-18 2.130684e-18
1.805263e+04 1.934947e-18 2.130318e-18
1.806363e+04 4.104690e-18 2.129947e-18
1.807463e+04 6.215371e-18 2.129572e-18
1.808563e+04 3.467336e-18 2.129192e-18
1.809663e+04 1.403625e-18 2.128807e-18
1.810763e+04 2.341169e-18 2.128417e-18
1.811863e+04 1.711453e-18 2.128023e-18
1.812963e+04 3.957180e-18 2.127624e-18
1.814063e+04 5.276857e-18 2.127221e-18
1.815163e+04 5.200578e-18 2.126812e-18
1.816263e+04 2.402077e-18 2.126399e-18
1.817363e+04 6.394997e-18 2.125981e-18
1.818463e+04 2.062811e-18 2.125559e-18
1.819563e+04 4.016930e-18 2.125131e-18
1.820663e+04 2.387435e-18 2.124699e-18
1.821763e+04 3.140714e-18 2.124262e-18
1.822863e+04 3.808510e-18 2.123820e-18
1.823963e+04 4.732688e-18 2.123374e-18
1.825063e+04 2.938810e-18 2.122922e-18
1.826163e+04 2.763410e-18 2.122466e-18
1.827263e+04 2.120109e-18 2.122005e-18
1.828363e+04 6.210844e-18 2.121539e-18
1.829463e+04 2.484258e-18 2.121068e-18
1.830563e+04 4.255261e-18 2.120592e-18
1.831663e+04 1.590179e-18 2.120112e-18
1.832763e+04 3.867211e-18 2.119626e-18
1.833863e+04 1.343953e-18 2.119136e-18
1.834963e+04 5.584693e-18 2.118641e-18
1.836063e+04 1.004064e-17 2.118141e-18
1.837163e+04 2.119747e-17 2.117636e-18
1.838263e+04 2.819810e-17 2.117127e-18
1.839363e+04 1.128112e-17 2.116612e-18
1.840463e+04 2.289436e-18 2.116093e-18
1.841563e+04 1.532922e-18 2.115568e-18
1.842663e+04 4.153610e-18 2.115039e-18
1.843763e+04 1.791192e-18 2.114505e-18
1.844863e+04 2.686913e-18 2.113966e-18
1.845963e+04 3.958454e-18 2.113423e-18
1.847063e+04 4.255968e-18 2.112874e-18
1.848163e+04 1.068630e-18 2.112320e-18
1.849263e+04 2.035536e-18 2.111762e-18
1.850363e+04 3.261226e-18 2.111199e-18
1.851463e+04 3.267566e-18 2.110631e-18
1.852563e+04 2.131625e-18 2.110058e-18
1.853663e+04 3.742092e-18 2.109480e-18
1.854763e+04 2.370054e-18 2.108898e-18
1.855863e+04 3.293237e-18 2.108311e-18
1.856963e+04 5.975263e-18 2.107718e-18
1.858063e+04 3.581149e-18 2.107121e-18
1.859163e+04 2.518056e-18 2.106520e-18
1.860263e+04 4.198325e-18 2.105913e-18
1.861363e+04 1.177470e-18 2.105302e-18
1.862463e+04 6.389544e-18 2.104686e-18
1.863563e+04 1.042810e-18 2.104065e-18
1.864663e+04 6.294713e-18 2.103439e-18
1.865763e+04 5.028887e-18 2.102809e-18
1.866863e+04 -1.882049e-19 2.102174e-18
1.867963e+04 2.846930e-18 2.101534e-18
1.869063e+04 2.402532e-18 2.100890e-18
1.870163e+04 2.838898e-18 2.100241e-18
1.871263e+04 5.985197e-18 2.099587e-18
1.872363e+04 2.182914e-18 2.098928e-18
1.873463e+04 3.135242e-18 2.098265e-18
1.874563e+04 -4.042610e-19 2.097598e-18
1.875663e+04 1.413520e-18 2.096926e-18
1.876763e+04 7.002220e-18 2.096249e-18
1.877863e+04 2.402663e-18 2.095568e-18
1.878963e+04 5.515795e-18 2.094882e-18
1.880063e+04 3.627739e-18 2.094191e-18
1.881163e+04 7.388057e-18 2.093496e-18
1.882263e+04 3.073226e-18 2.092797e-18
1.883363e+04 2.992332e-18 2.092093e-18
1.884463e+04 6.158182e-18 2.091385e-18
1.885563e+04 2.186794e-18 2.090672e-18
1.886663e+04 3.573221e-18 2.089955e-18
1.887763e+04 5.074799e-18 2.089233e-18
1.888863e+04 1.998294e-18 2.088507e-18
1.889963e+04 5.848992e-18 2.087777e-18
1.891063e+04 1.720513e-18 2.087043e-18
1.892163e+04 2.270158e-18 2.086304e-18
1.893263e+04 2.747596e-18 2.085560e-18
1.894363e+04 2.599379e-18 2.084813e-18
1.895463e+04 2.510204e-18 2.084061e-18
1.896563e+04 5.466714e-18 2.083305e-18
1.897663e+04 4.210773e-18 2.082545e-18
1.898763e+04 -1.232928e-18 2.081781e-18
1.899863e+04 6.283255e-19 2.081013e-18
1.900963e+04 5.871654e-18 2.080240e-18
1.902063e+04 5.260779e-18 2.079463e-18
1.903163e+04 3.403556e-18 2.078683e-18
1.904263e+04 2.677608e-18 2.077898e-18
1.905363e+04 7.086637e-19 2.077109e-18
1.906463e+04 4.243128e-18 2.076317e-18
1.907563e+04 7.220075e-18 2.075520e-18
1.908663e+04 5.500663e-18 2.074720e-18
1.909763e+04 3.751953e-18 2.073915e-18
1.910863e+04 1.859640e-18 2.073107e-18
1.911963e+04 2.301766e-18 2.072295e-18
1.913063e+04 4.561387e-18 2.071479e-18
1.914163e+04 2.291424e-18 2.070659e-18
1.915263e+04 2.692899e-18 2.069836e-18
1.916363e+04 1.961909e-18 2.069009e-18
1.917463e+04 2.054015e-18 2.068178e-18
1.918563e+04 3.000846e-18 2.067344e-18
1.919663e+04 2.538860e-18 2.066506e-18
1.920763e+04 9.922358e-19 2.065664e-18
1.921863e+04 2.074799e-18 2.064819e-18
1.922963e+04 3.107363e-18 2.063970e-18
1.924063e+04 2.486058e-18 2.063118e-18
1.925163e+04 1.762991e-18 2.062263e-18
1.926263e+04 2.790597e-18 2.061404e-18
1.927363e+04 1.178899e-18 2.060542e-18
1.928463e+04 3.560847e-18 2.059676e-18
1.929563e+04 3.770983e-18 2.058807e-18
