# wavelength (A)  f_lam (erg/s/cm2/A) fe_lam (erg/s/cm2/A)
1.001061e+04 6.526029e-18 3.460674e-18
1.002161e+04 7.240283e-18 3.460926e-18
1.003261e+04 7.916427e-18 3.461172e-18
1.004361e+04 1.251845e-17 3.461411e-18
1.005461e+04 3.597473e-17 3.461644e-18
1.006561e+04 6.211268e-17 3.461869e-18
1.007661e+04 4.171643e-17 3.462087e-18
1.008761e+04 1.147170e-17 3.462299e-18
1.009861e+04 6.920715e-18 3.462503e-18
1.010961e+04 3.925166e-18 3.462701e-18
1.012061e+04 9.747090e-18 3.462891e-18
1.013161e+04 9.273997e-18 3.463074e-18
1.014261e+04 1.275949e-17 3.463250e-18
1.015361e+04 9.489252e-18 3.463419e-18
1.016461e+04 4.858549e-18 3.463580e-18
1.017561e+04 8.310525e-18 3.463734e-18
1.018661e+04 1.146246e-17 3.463880e-18
1.019761e+04 1.171281e-17 3.464019e-18
1.020861e+04 1.025470e-17 3.464151e-18
1.021961e+04 9.123062e-18 3.464275e-18
1.023061e+04 1.207433e-17 3.464391e-18
1.024161e+04 9.137784e-18 3.464500e-18
1.025261e+04 7.339637e-18 3.464600e-18
1.026361e+04 9.145733e-18 3.464694e-18
1.027461e+04 9.715702e-18 3.464779e-18
1.028561e+04 9.316237e-18 3.464856e-18
1.029661e+04 1.015668e-17 3.464926e-18
1.030761e+04 1.182799e-17 3.464988e-18
1.031861e+04 1.121679e-17 3.465041e-18
1.032961e+04 4.493123e-18 3.465087e-18
1.034061e+04 8.413128e-18 3.465124e-18
1.035161e+04 8.073087e-18 3.465154e-18
1.036261e+04 8.618546e-18 3.465175e-18
1.037361e+04 8.616720e-18 3.465188e-18
1.038461e+04 7.855672e-18 3.465193e-18
1.039561e+04 1.146820e-17 3.465190e-18
1.040661e+04 9.644067e-18 3.465178e-18
1.041761e+04 1.195078e-17 3.465158e-18
1.042861e+04 1.132957e-17 3.465130e-18
1.043961e+04 1.571116e-17 3.465094e-18
1.045061e+04 1.528738e-17 3.465048e-18
1.046161e+04 1.206943e-17 3.464995e-18
1.047261e+04 1.146019e-17 3.464933e-18
1.048361e+04 6.307870e-18 3.464862e-18
1.049461e+04 1.015626e-17 3.464783e-18
1.050561e+04 7.483582e-18 3.464695e-18
1.051661e+04 1.013637e-17 3.464599e-18
1.052761e+04 9.949143e-18 3.464494e-18
1.053861e+04 1.252251e-17 3.464380e-18
1.054961e+04 1.033299e-17 3.464258e-18
1.056061e+04 1.439284e-17 3.464127e-18
1.057161e+04 1.104582e-17 3.463987e-18
1.058261e+04 1.124233e-17 3.463838e-18
1.059361e+04 8.998570e-18 3.463680e-18
1.060461e+04 1.297321e-17 3.463514e-18
1.061561e+04 9.284280e-18 3.463338e-18
1.062661e+04 9.639582e-18 3.463154e-18
1.063761e+04 9.358320e-18 3.462961e-18
1.064861e+04 1.074371e-17 3.462759e-18
1.065961e+04 1.303456e-17 3.462548e-18
1.067061e+04 1.029992e-17 3.462328e-18
1.068161e+04 1.523023e-17 3.462099e-18
1.069261e+04 9.148981e-18 3.461860e-18
1.070361e+04 8.782506e-18 3.461613e-18
1.071461e+04 1.182792e-17 3.461357e-18
1.072561e+04 9.177876e-18 3.461092e-18
1.073661e+04 1.042286e-17 3.460817e-18
1.074761e+04 7.905863e-18 3.460534e-18
1.075861e+04 5.250873e-18 3.460241e-18
1.076961e+04 1.030352e-17 3.459940e-18
1.078061e+04 1.197201e-17 3.459629e-18
1.079161e+04 8.250687e-18 3.459309e-18
1.080261e+04 1.101250e-17 3.458980e-18
1.081361e+04 9.409058e-18 3.458642e-18
1.082461e+04 1.088694e-17 3.458295e-18
1.083561e+04 1.265568e-17 3.457938e-18
1.084661e+04 8.447794e-18 3.457572e-18
1.085761e+04 9.665078e-18 3.457197e-18
1.086861e+04 9.458266e-18 3.456813e-18
1.087961e+04 8.512290e-18 3.456420e-18
1.089061e+04 1.154631e-17 3.456017e-18
1.090161e+04 1.262188e-17 3.455605e-18
1.091261e+04 8.923983e-18 3.455183e-18
1.092361e+04 6.864214e-18 3.454753e-18
1.093461e+04 9.241811e-18 3.454313e-18
1.094561e+04 1.279704e-17 3.453863e-18
1.095661e+04 1.015450e-17 3.453405e-18
1.096761e+04 1.040187e-17 3.452937e-18
1.097861e+04 6.937122e-18 3.452459e-18
1.098961e+04 1.363461e-17 3.451973e-18
1.100061e+04 9.351789e-18 3.451477e-18
1.101161e+04 6.156984e-18 3.450971e-18
1.102261e+04 8.470243e-18 3.450456e-18
1.103361e+04 9.314733e-18 3.449932e-18
1.104461e+04 8.914344e-18 3.449399e-18
1.105561e+04 7.693899e-18 3.448856e-18
1.106661e+04 1.214333e-17 3.448303e-18
1.107761e+04 1.388422e-17 3.447741e-18
1.108861e+04 9.054517e-18 3.447170e-18
1.109961e+04 8.315695e-18 3.446590e-18
1.111061e+04 9.012556e-18 3.446000e-18
1.112161e+04 6.028365e-18 3.445401e-18
1.113261e+04 1.142800e-17 3.444792e-18
1.114361e+04 8.029907e-18 3.444174e-18
1.115461e+04 8.170524e-18 3.443546e-18
1.116561e+04 9.324436e-18 3.442909e-18
1.117661e+04 8.654389e-18 3.442263e-18
1.118761e+04 1.035801e-17 3.441608e-18
1.119861e+04 1.202494e-17 3.440943e-18
1.120961e+04 1.154213e-17 3.440268e-18
1.122061e+04 9.679176e-18 3.439584e-18
1.123161e+04 6.691837e-18 3.438891e-18
1.124261e+04 8.311469e-18 3.438189e-18
1.125361e+04 1.271634e-17 3.437477e-18
1.126461e+04 8.637865e-18 3.436756e-18
1.127561e+04 8.553958e-18 3.436025e-18
1.128661e+04 1.149855e-17 3.435285e-18
1.129761e+04 9.176800e-18 3.434536e-18
1.130861e+04 1.127993e-17 3.433778e-18
1.131961e+04 9.758032e-18 3.433010e-18
1.133061e+04 8.983893e-18 3.432233e-18
1.134161e+04 8.611646e-18 3.431446e-18
1.135261e+04 9.315472e-18 3.430651e-18
1.136361e+04 7.168444e-18 3.429846e-18
1.137461e+04 1.008004e-17 3.429032e-18
1.138561e+04 6.938491e-18 3.428209e-18
1.139661e+04 1.025692e-17 3.427376e-18
1.140761e+04 5.825349e-18 3.426534e-18
1.141861e+04 9.443135e-18 3.425683e-18
1.142961e+04 9.844672e-18 3.424823e-18
1.144061e+04 6.216430e-18 3.423954e-18
1.145161e+04 9.775609e-18 3.423076e-18
1.146261e+04 9.705450e-18 3.422189e-18
1.147361e+04 8.088925e-18 3.421292e-18
1.148461e+04 6.998053e-18 3.420386e-18
1.149561e+04 1.549707e-17 3.419472e-18
1.150661e+04 1.042993e-17 3.418548e-18
1.151761e+04 1.024810e-17 3.417615e-18
1.152861e+04 7.347983e-18 3.416673e-18
1.153961e+04 8.917079e-18 3.415722e-18
1.155061e+04 1.033602e-17 3.414762e-18
1.156161e+04 7.193100e-18 3.413793e-18
1.157261e+04 7.546319e-18 3.412816e-18
1.158361e+04 7.820711e-18 3.411829e-18
1.159461e+04 9.261376e-18 3.410833e-18
1.160561e+04 8.119971e-18 3.409829e-18
1.161661e+04 1.253884e-17 3.408816e-18
1.162761e+04 6.604146e-18 3.407794e-18
1.163861e+04 9.874425e-18 3.406763e-18
1.164961e+04 4.648623e-18 3.405723e-18
1.166061e+04 8.696486e-18 3.404675e-18
1.167161e+04 6.562979e-18 3.403618e-18
1.168261e+04 6.897541e-18 3.402553e-18
1.169361e+04 3.207581e-18 3.401478e-18
1.170461e+04 9.489150e-18 3.400396e-18
1.171561e+04 1.700196e-17 3.399304e-18
1.172661e+04 1.369511e-17 3.398204e-18
1.173761e+04 5.383841e-18 3.397096e-18
1.174861e+04 7.766361e-18 3.395979e-18
1.175961e+04 5.701065e-18 3.394854e-18
1.177061e+04 9.012131e-18 3.393720e-18
1.178161e+04 1.009558e-17 3.392579e-18
1.179261e+04 1.827205e-17 3.391428e-18
1.180361e+04 1.553154e-17 3.390270e-18
1.181461e+04 9.976485e-18 3.389103e-18
1.182561e+04 1.176602e-17 3.387928e-18
1.183661e+04 7.628174e-18 3.386745e-18
1.184761e+04 7.273173e-18 3.385553e-18
1.185861e+04 1.059237e-17 3.384354e-18
1.186961e+04 9.484010e-18 3.383147e-18
1.188061e+04 8.782986e-18 3.381931e-18
1.189161e+04 9.083437e-18 3.380708e-18
1.190261e+04 1.007972e-17 3.379476e-18
1.191361e+04 8.272947e-18 3.378237e-18
1.192461e+04 6.213758e-18 3.376990e-18
1.193561e+04 5.588244e-18 3.375735e-18
1.194661e+04 6.848507e-18 3.374473e-18
1.195761e+04 1.268590e-17 3.373202e-18
1.196861e+04 9.390337e-18 3.371925e-18
1.197961e+04 9.724158e-18 3.370639e-18
1.199061e+04 9.752438e-18 3.369346e-18
1.200161e+04 1.137227e-17 3.368045e-18
1.201261e+04 7.002523e-18 3.366737e-18
1.202361e+04 6.705999e-18 3.365422e-18
1.203461e+04 9.986128e-18 3.364099e-18
1.204561e+04 1.153899e-17 3.362769e-18
1.205661e+04 8.451142e-18 3.361431e-18
1.206761e+04 1.060530e-17 3.360087e-18
1.207861e+04 9.061107e-18 3.358735e-18
1.208961e+04 9.374125e-18 3.357376e-18
1.210061e+04 4.641737e-18 3.356010e-18
1.211161e+04 9.044464e-18 3.354637e-18
1.212261e+04 7.739544e-18 3.353256e-18
1.213361e+04 5.110984e-18 3.351869e-18
1.214461e+04 1.514071e-17 3.350476e-18
1.215561e+04 7.335963e-18 3.349075e-18
1.216661e+04 8.698101e-18 3.347667e-18
1.217761e+04 6.245862e-18 3.346253e-18
1.218861e+04 6.586859e-18 3.344833e-18
1.219961e+04 9.179579e-18 3.343405e-18
1.221061e+04 1.163604e-17 3.341971e-18
1.222161e+04 6.792342e-18 3.340531e-18
1.223261e+04 1.118648e-17 3.339084e-18
1.224361e+04 1.063398e-17 3.337631e-18
1.225461e+04 8.143464e-18 3.336171e-18
1.226561e+04 6.834579e-18 3.334706e-18
1.227661e+04 9.720416e-18 3.333234e-18
1.228761e+04 9.190178e-18 3.331756e-18
1.229861e+04 7.017861e-18 3.330272e-18
1.230961e+04 1.027927e-17 3.328781e-18
1.232061e+04 1.019561e-17 3.327285e-18
1.233161e+04 8.393109e-18 3.325784e-18
1.234261e+04 9.588507e-18 3.324276e-18
1.235361e+04 8.489186e-18 3.322762e-18
1.236461e+04 8.765836e-18 3.321243e-18
1.237561e+04 8.169244e-18 3.319718e-18
1.238661e+04 8.570555e-18 3.318188e-18
1.239761e+04 9.810367e-18 3.316652e-18
1.240861e+04 7.045099e-18 3.315110e-18
1.241961e+04 6.615264e-18 3.313564e-18
1.243061e+04 7.524386e-18 3.312012e-18
1.244161e+04 8.458079e-18 3.310454e-18
1.245261e+04 9.162604e-18 3.308892e-18
1.246361e+04 6.427153e-18 3.307324e-18
1.247461e+04 1.087169e-17 3.305752e-18
1.248561e+04 1.000607e-17 3.304174e-18
1.249661e+04 7.213192e-18 3.302591e-18
1.250761e+04 9.188459e-18 3.301004e-18
1.251861e+04 1.024849e-17 3.299412e-18
1.252961e+04 3.961094e-18 3.297815e-18
1.254061e+04 7.244146e-18 3.296214e-18
1.255161e+04 7.417697e-18 3.294608e-18
1.256261e+04 9.434915e-18 3.292997e-18
1.257361e+04 9.612740e-18 3.291382e-18
1.258461e+04 1.091907e-17 3.289763e-18
1.259561e+04 4.425727e-18 3.288139e-18
1.260661e+04 9.419712e-18 3.286511e-18
1.261761e+04 9.042556e-18 3.284880e-18
1.262861e+04 9.032795e-18 3.283244e-18
1.263961e+04 8.402646e-18 3.281604e-18
1.265061e+04 6.620812e-18 3.279960e-18
1.266161e+04 8.377815e-18 3.278312e-18
1.267261e+04 6.024469e-18 3.276661e-18
1.268361e+04 1.125257e-17 3.275006e-18
1.269461e+04 7.166336e-18 3.273347e-18
1.270561e+04 9.583340e-18 3.271685e-18
1.271661e+04 6.938965e-18 3.270019e-18
1.272761e+04 6.991917e-18 3.268350e-18
1.273861e+04 9.047003e-18 3.266678e-18
1.274961e+04 5.706338e-18 3.265002e-18
1.276061e+04 7.002151e-18 3.263323e-18
1.277161e+04 9.853028e-18 3.261642e-18
1.278261e+04 6.744198e-18 3.259957e-18
1.279361e+04 1.009314e-17 3.258269e-18
1.280461e+04 8.312536e-18 3.256579e-18
1.281561e+04 5.645603e-18 3.254886e-18
1.282661e+04 6.060700e-18 3.253190e-18
1.283761e+04 4.582864e-18 3.251491e-18
1.284861e+04 6.502163e-18 3.249791e-18
1.285961e+04 1.131659e-17 3.248087e-18
1.287061e+04 6.857694e-18 3.246382e-18
1.288161e+04 8.373828e-18 3.244674e-18
1.289261e+04 6.399230e-18 3.242964e-18
1.290361e+04 1.082745e-17 3.241252e-18
1.291461e+04 7.739300e-18 3.239538e-18
1.292561e+04 7.197668e-18 3.237822e-18
1.293661e+04 9.003316e-18 3.236104e-18
1.294761e+04 1.288784e-17 3.234385e-18
1.295861e+04 8.060950e-18 3.232664e-18
1.296961e+04 8.020579e-18 3.230941e-18
1.298061e+04 7.711695e-18 3.229217e-18
1.299161e+04 6.719869e-18 3.227491e-18
1.300261e+04 6.518131e-18 3.225764e-18
1.301361e+04 4.766834e-18 3.224036e-18
1.302461e+04 9.399110e-18 3.222307e-18
1.303561e+04 6.398545e-18 3.220576e-18
1.304661e+04 6.514911e-18 3.218845e-18
1.305761e+04 8.029370e-18 3.217112e-18
1.306861e+04 9.879659e-18 3.215379e-18
1.307961e+04 5.892506e-18 3.213645e-18
1.309061e+04 6.636900e-18 3.211911e-18
1.310161e+04 7.849442e-18 3.210175e-18
1.311261e+04 1.302425e-17 3.208440e-18
1.312361e+04 2.482586e-17 3.206704e-18
1.313461e+04 1.942170e-17 3.204967e-18
1.314561e+04 1.197593e-17 3.203231e-18
1.315661e+04 1.007681e-17 3.201494e-18
1.316761e+04 6.454289e-18 3.199757e-18
1.317861e+04 7.664878e-18 3.198021e-18
1.318961e+04 8.115082e-18 3.196284e-18
1.320061e+04 1.016444e-17 3.194548e-18
1.321161e+04 9.690192e-18 3.192812e-18
1.322261e+04 9.471720e-18 3.191077e-18
1.323361e+04 5.816154e-18 3.189342e-18
1.324461e+04 8.998436e-18 3.187608e-18
1.325561e+04 1.068736e-17 3.185874e-18
1.326661e+04 9.508279e-18 3.184142e-18
1.327761e+04 7.757509e-18 3.182410e-18
1.328861e+04 1.118342e-17 3.180680e-18
1.329961e+04 8.339792e-18 3.178950e-18
1.331061e+04 3.301690e-18 3.177222e-18
1.332161e+04 5.561453e-18 3.175495e-18
1.333261e+04 6.591717e-18 3.173769e-18
1.334361e+04 8.747218e-18 3.172045e-18
1.335461e+04 4.184718e-18 3.170323e-18
1.336561e+04 9.423642e-18 3.168602e-18
1.337661e+04 1.208222e-17 3.166883e-18
1.338761e+04 2.628830e-17 3.165166e-18
1.339861e+04 1.798352e-17 3.163450e-18
1.340961e+04 1.012143e-17 3.161737e-18
1.342061e+04 4.474913e-18 3.160027e-18
1.343161e+04 8.827863e-18 3.158318e-18
1.344261e+04 6.308674e-18 3.156612e-18
1.345361e+04 6.804451e-18 3.154908e-18
1.346461e+04 8.210903e-18 3.153207e-18
1.347561e+04 6.533198e-18 3.151508e-18
1.348661e+04 7.043889e-18 3.149813e-18
1.349761e+04 8.195713e-18 3.148120e-18
1.350861e+04 2.731521e-17 3.146430e-18
1.351961e+04 4.807114e-17 3.144743e-18
1.353061e+04 3.301313e-17 3.143059e-18
1.354161e+04 1.039839e-17 3.141379e-18
1.355261e+04 3.872441e-18 3.139702e-18
1.356361e+04 7.561440e-18 3.138028e-18
1.357461e+04 7.068711e-18 3.136358e-18
1.358561e+04 8.564883e-18 3.134692e-18
1.359661e+04 6.982151e-18 3.133029e-18
1.360761e+04 5.420474e-18 3.131371e-18
1.361861e+04 8.043803e-18 3.129716e-18
1.362961e+04 1.045763e-17 3.128065e-18
1.364061e+04 5.133303e-18 3.126418e-18
1.365161e+04 6.836332e-18 3.124776e-18
1.366261e+04 6.493035e-18 3.123138e-18
1.367361e+04 5.742576e-18 3.121504e-18
1.368461e+04 3.914234e-18 3.119875e-18
1.369561e+04 7.052914e-18 3.118251e-18
1.370661e+04 6.643334e-18 3.116631e-18
1.371761e+04 8.356201e-18 3.115016e-18
1.372861e+04 9.583127e-18 3.113407e-18
1.373961e+04 1.051837e-17 3.111802e-18
1.375061e+04 5.357060e-18 3.110203e-18
1.376161e+04 5.793443e-18 3.108609e-18
1.377261e+04 7.988039e-18 3.107020e-18
1.378361e+04 7.458264e-18 3.105437e-18
1.379461e+04 9.359713e-18 3.103859e-18
1.380561e+04 8.550141e-18 3.102288e-18
1.381661e+04 7.984375e-18 3.100722e-18
1.382761e+04 9.415015e-18 3.099162e-18
1.383861e+04 5.501806e-18 3.097608e-18
1.384961e+04 6.920774e-18 3.096060e-18
1.386061e+04 4.379563e-18 3.094518e-18
1.387161e+04 8.979347e-18 3.092982e-18
1.388261e+04 7.712942e-18 3.091453e-18
1.389361e+04 3.198938e-18 3.089931e-18
1.390461e+04 8.549116e-18 3.088415e-18
1.391561e+04 1.068279e-17 3.086905e-18
1.392661e+04 9.946965e-18 3.085403e-18
1.393761e+04 7.979552e-18 3.083907e-18
1.394861e+04 4.441950e-18 3.082418e-18
1.395961e+04 3.548610e-18 3.080936e-18
1.397061e+04 8.991905e-18 3.079461e-18
1.398161e+04 9.949611e-18 3.077994e-18
1.399261e+04 5.937038e-18 3.076534e-18
1.400361e+04 8.181060e-18 3.075081e-18
1.401461e+04 7.169869e-18 3.073636e-18
1.402561e+04 5.899216e-18 3.072198e-18
1.403661e+04 8.835320e-18 3.070768e-18
1.404761e+04 6.088889e-18 3.069346e-18
1.405861e+04 1.002398e-17 3.067931e-18
1.406961e+04 7.706771e-18 3.066525e-18
1.408061e+04 7.754794e-18 3.065126e-18
1.409161e+04 4.033161e-18 3.063736e-18
1.410261e+04 7.896462e-18 3.062354e-18
1.411361e+04 5.093026e-18 3.060980e-18
1.412461e+04 8.595333e-18 3.059615e-18
1.413561e+04 4.764818e-18 3.058258e-18
1.414661e+04 1.051482e-17 3.056909e-18
1.415761e+04 7.650486e-18 3.055569e-18
1.416861e+04 8.085808e-18 3.054238e-18
1.417961e+04 8.879003e-18 3.052916e-18
1.419061e+04 7.493972e-18 3.051603e-18
1.420161e+04 6.299228e-18 3.050299e-18
1.421261e+04 8.943735e-18 3.049004e-18
1.422361e+04 8.410147e-18 3.047718e-18
1.423461e+04 3.962509e-18 3.046441e-18
1.424561e+04 7.431454e-18 3.045174e-18
1.425661e+04 3.041773e-18 3.043916e-18
1.426761e+04 9.245510e-18 3.042667e-18
1.427861e+04 6.670154e-18 3.041429e-18
1.428961e+04 7.195889e-18 3.040199e-18
1.430061e+04 4.905965e-18 3.038980e-18
1.431161e+04 6.300721e-18 3.037771e-18
1.432261e+04 6.810350e-18 3.036571e-18
1.433361e+04 5.827258e-18 3.035381e-18
1.434461e+04 6.771667e-18 3.034202e-18
1.435561e+04 6.354430e-18 3.033033e-18
1.436661e+04 5.912683e-18 3.031873e-18
1.437761e+04 8.435303e-18 3.030725e-18
1.438861e+04 5.457023e-18 3.029586e-18
1.439961e+04 3.609422e-18 3.028458e-18
1.441061e+04 1.896904e-18 3.027341e-18
1.442161e+04 8.081652e-18 3.026234e-18
1.443261e+04 9.938542e-18 3.025138e-18
1.444361e+04 7.938796e-18 3.024053e-18
1.445461e+04 6.174577e-18 3.022978e-18
1.446561e+04 2.529674e-18 3.021914e-18
1.447661e+04 7.711851e-18 3.020862e-18
1.448761e+04 1.212637e-17 3.019820e-18
1.449861e+04 6.371981e-18 3.018789e-18
1.450961e+04 5.194476e-18 3.017770e-18
1.452061e+04 7.736039e-18 3.016762e-18
1.453161e+04 6.152144e-18 3.015765e-18
1.454261e+04 8.994709e-18 3.014779e-18
1.455361e+04 6.646408e-18 3.013805e-18
1.456461e+04 4.903835e-18 3.012842e-18
1.457561e+04 4.813624e-18 3.011890e-18
1.458661e+04 3.609594e-18 3.010951e-18
1.459761e+04 8.306198e-18 3.010023e-18
1.460861e+04 6.255972e-18 3.009106e-18
1.461961e+04 8.756782e-18 3.008202e-18
1.463061e+04 9.765921e-18 3.007309e-18
1.464161e+04 3.215612e-18 3.006429e-18
1.465261e+04 7.063335e-18 3.005560e-18
1.466361e+04 5.854706e-18 3.004703e-18
1.467461e+04 4.516427e-18 3.003859e-18
1.468561e+04 6.500454e-18 3.003026e-18
1.469661e+04 5.991354e-18 3.002206e-18
1.470761e+04 4.219136e-18 3.001398e-18
1.471861e+04 3.667700e-18 3.000602e-18
1.472961e+04 8.943078e-18 2.999819e-18
1.474061e+04 7.260430e-18 2.999048e-18
1.475161e+04 6.033799e-18 2.998290e-18
1.476261e+04 7.450825e-18 2.997544e-18
1.477361e+04 6.285326e-18 2.996810e-18
1.478461e+04 5.166269e-18 2.996090e-18
1.479561e+04 8.154644e-18 2.995382e-18
1.480661e+04 7.762275e-18 2.994686e-18
1.481761e+04 6.331578e-18 2.994004e-18
1.482861e+04 5.959669e-18 2.993334e-18
1.483961e+04 4.087435e-18 2.992677e-18
1.485061e+04 6.566013e-18 2.992033e-18
1.486161e+04 5.601683e-18 2.991402e-18
1.487261e+04 7.464650e-18 2.990784e-18
1.488361e+04 8.370857e-18 2.990179e-18
1.489461e+04 7.665627e-18 2.989588e-18
1.490561e+04 5.795112e-18 2.989009e-18
1.491661e+04 8.092815e-18 2.988443e-18
1.492761e+04 5.869838e-18 2.987891e-18
1.493861e+04 6.539551e-18 2.987351e-18
1.494961e+04 6.976945e-18 2.986825e-18
1.496061e+04 6.730709e-18 2.986313e-18
1.497161e+04 3.171865e-18 2.985813e-18
1.498261e+04 5.120199e-18 2.985327e-18
1.499361e+04 5.988033e-18 2.984854e-18
1.500461e+04 6.701972e-18 2.984395e-18
1.501561e+04 6.202089e-18 2.983949e-18
1.502661e+04 5.579745e-18 2.983517e-18
1.503761e+04 5.142839e-18 2.983098e-18
1.504861e+04 5.742240e-18 2.982692e-18
1.505961e+04 9.506394e-18 2.982301e-18
1.507061e+04 8.516396e-18 2.981922e-18
1.508161e+04 9.750697e-18 2.981557e-18
1.509261e+04 8.813664e-18 2.981206e-18
1.510361e+04 4.819039e-18 2.980869e-18
1.511461e+04 1.138084e-17 2.980545e-18
1.512561e+04 4.841640e-18 2.980234e-18
1.513661e+04 4.639816e-18 2.979938e-18
1.514761e+04 3.991109e-18 2.979655e-18
1.515861e+04 4.300805e-18 2.979386e-18
1.516961e+04 5.004092e-18 2.979130e-18
1.518061e+04 7.676102e-18 2.978888e-18
1.519161e+04 6.471562e-18 2.978660e-18
1.520261e+04 7.672951e-18 2.978446e-18
1.521361e+04 6.531071e-18 2.978246e-18
1.522461e+04 3.915330e-18 2.978059e-18
1.523561e+04 5.563649e-18 2.977886e-18
1.524661e+04 5.096482e-18 2.977727e-18
1.525761e+04 4.428847e-18 2.977581e-18
1.526861e+04 4.000149e-18 2.977450e-18
1.527961e+04 4.921973e-18 2.977332e-18
1.529061e+04 5.999844e-18 2.977228e-18
1.530161e+04 3.628672e-18 2.977137e-18
1.531261e+04 4.662991e-18 2.977061e-18
1.532361e+04 6.935041e-18 2.976998e-18
1.533461e+04 8.601763e-18 2.976949e-18
1.534561e+04 9.004594e-18 2.976914e-18
1.535661e+04 6.457253e-18 2.976893e-18
1.536761e+04 7.967387e-18 2.976885e-18
1.537861e+04 5.639151e-18 2.976892e-18
1.538961e+04 6.777400e-18 2.976912e-18
1.540061e+04 3.820623e-18 2.976945e-18
1.541161e+04 6.019394e-18 2.976993e-18
1.542261e+04 7.581384e-18 2.977054e-18
1.543361e+04 7.291218e-18 2.977129e-18
1.544461e+04 3.882547e-18 2.977218e-18
1.545561e+04 6.634994e-18 2.977320e-18
1.546661e+04 7.283203e-18 2.977436e-18
1.547761e+04 8.612381e-18 2.977566e-18
1.548861e+04 3.966344e-18 2.977709e-18
1.549961e+04 7.034807e-18 2.977866e-18
1.551061e+04 3.777789e-18 2.978037e-18
1.552161e+04 9.338113e-18 2.978221e-18
1.553261e+04 3.043384e-18 2.978419e-18
1.554361e+04 7.643222e-18 2.978630e-18
1.555461e+04 5.496379e-18 2.978855e-18
1.556561e+04 6.399388e-18 2.979093e-18
1.557661e+04 4.647283e-18 2.979345e-18
1.558761e+04 6.571883e-18 2.979610e-18
1.559861e+04 7.544896e-18 2.979889e-18
1.560961e+04 3.296244e-18 2.980181e-18
1.562061e+04 3.580903e-18 2.980486e-18
1.563161e+04 8.391124e-18 2.980805e-18
1.564261e+04 8.337781e-18 2.981137e-18
1.565361e+04 1.196955e-17 2.981482e-18
1.566461e+04 9.038903e-18 2.981841e-18
1.567561e+04 6.643759e-18 2.982213e-18
1.568661e+04 4.661277e-18 2.982598e-18
1.569761e+04 7.250479e-18 2.982996e-18
1.570861e+04 6.193499e-18 2.983407e-18
1.571961e+04 5.450077e-18 2.983831e-18
1.573061e+04 8.455567e-18 2.984268e-18
1.574161e+04 8.633020e-18 2.984719e-18
1.575261e+04 1.359265e-18 2.985182e-18
1.576361e+04 5.876493e-18 2.985658e-18
1.577461e+04 7.654280e-18 2.986147e-18
1.578561e+04 5.540197e-18 2.986649e-18
1.579661e+04 4.854827e-18 2.987163e-18
1.580761e+04 4.223976e-18 2.987690e-18
1.581861e+04 8.364847e-18 2.988230e-18
1.582961e+04 6.825633e-18 2.988783e-18
1.584061e+04 9.010003e-18 2.989348e-18
1.585161e+04 6.852967e-18 2.989925e-18
1.586261e+04 7.684394e-18 2.990516e-18
1.587361e+04 6.529334e-18 2.991118e-18
1.588461e+04 5.807572e-18 2.991733e-18
1.589561e+04 6.752811e-18 2.992360e-18
1.590661e+04 3.822283e-20 2.993000e-18
1.591761e+04 4.961488e-18 2.993652e-18
1.592861e+04 6.412693e-18 2.994316e-18
1.593961e+04 6.853861e-18 2.994992e-18
1.595061e+04 6.384833e-18 2.995680e-18
1.596161e+04 4.258032e-18 2.996380e-18
1.597261e+04 4.377079e-18 2.997092e-18
1.598361e+04 5.660048e-18 2.997815e-18
1.599461e+04 7.288490e-18 2.998551e-18
1.600561e+04 6.621509e-18 2.999298e-18
1.601661e+04 4.138247e-18 3.000057e-18
1.602761e+04 5.644707e-18 3.000828e-18
1.603861e+04 3.282478e-18 3.001610e-18
1.604961e+04 5.571564e-18 3.002404e-18
1.606061e+04 7.991272e-18 3.003209e-18
1.607161e+04 4.069826e-18 3.004026e-18
1.608261e+04 5.013843e-18 3.004854e-18
1.609361e+04 6.453240e-18 3.005693e-18
1.610461e+04 4.471423e-18 3.006543e-18
1.611561e+04 8.802103e-18 3.007404e-18
1.612661e+04 6.412476e-18 3.008276e-18
1.613761e+04 7.721325e-18 3.009160e-18
1.614861e+04 4.752662e-18 3.010054e-18
1.615961e+04 8.077743e-18 3.010959e-18
1.617061e+04 8.437639e-18 3.011874e-18
1.618161e+04 5.717380e-18 3.012801e-18
1.619261e+04 4.475568e-18 3.013738e-18
1.620361e+04 8.063878e-18 3.014685e-18
1.621461e+04 7.015832e-18 3.015643e-18
1.622561e+04 1.753767e-18 3.016611e-18
1.623661e+04 6.463346e-18 3.017590e-18
1.624761e+04 7.829739e-18 3.018579e-18
1.625861e+04 1.668471e-18 3.019578e-18
1.626961e+04 3.978912e-18 3.020587e-18
1.628061e+04 7.428505e-18 3.021605e-18
1.629161e+04 6.913803e-18 3.022634e-18
1.630261e+04 6.474897e-18 3.023673e-18
1.631361e+04 4.714623e-18 3.024721e-18
1.632461e+04 2.294550e-18 3.025779e-18
1.633561e+04 6.955303e-18 3.026847e-18
1.634661e+04 5.217954e-18 3.027924e-18
1.635761e+04 7.768916e-18 3.029011e-18
1.636861e+04 6.895055e-18 3.030107e-18
1.637961e+04 3.380324e-18 3.031212e-18
1.639061e+04 4.703146e-18 3.032326e-18
1.640161e+04 1.089791e-17 3.033450e-18
1.641261e+04 4.848118e-18 3.034583e-18
1.642361e+04 9.711043e-18 3.035724e-18
1.643461e+04 2.518987e-18 3.036874e-18
1.644561e+04 6.197885e-18 3.038034e-18
1.645661e+04 6.560387e-18 3.039201e-18
1.646761e+04 5.292221e-18 3.040378e-18
1.647861e+04 5.201306e-18 3.041563e-18
1.648961e+04 8.686972e-18 3.042757e-18
1.650061e+04 5.194104e-18 3.043959e-18
1.651161e+04 7.987686e-18 3.045169e-18
1.652261e+04 6.841267e-18 3.046388e-18
1.653361e+04 5.013465e-18 3.047614e-18
1.654461e+04 4.390321e-18 3.048849e-18
1.655561e+04 5.226565e-18 3.050092e-18
1.656661e+04 4.575909e-18 3.051342e-18
1.657761e+04 5.989978e-18 3.052601e-18
1.658861e+04 4.957052e-18 3.053867e-18
1.659961e+04 5.064597e-18 3.055141e-18
1.661061e+04 7.050688e-18 3.056422e-18
1.662161e+04 3.212095e-18 3.057711e-18
1.663261e+04 5.651799e-18 3.059007e-18
1.664361e+04 6.151519e-18 3.060310e-18
1.665461e+04 3.066924e-18 3.061621e-18
1.666561e+04 4.598177e-18 3.062938e-18
1.667661e+04 5.727845e-18 3.064263e-18
1.668761e+04 5.566133e-18 3.065594e-18
1.669861e+04 3.780224e-18 3.066933e-18
1.670961e+04 5.000229e-18 3.068278e-18
1.672061e+04 4.648820e-18 3.069630e-18
1.673161e+04 5.822296e-18 3.070988e-18
1.674261e+04 6.021659e-18 3.072353e-18
1.675361e+04 5.265366e-18 3.073724e-18
1.676461e+04 6.776633e-18 3.075101e-18
1.677561e+04 6.494730e-18 3.076485e-18
1.678661e+04 4.876272e-18 3.077875e-18
1.679761e+04 4.728365e-18 3.079271e-18
1.680861e+04 4.150192e-18 3.080672e-18
1.681961e+04 8.079858e-18 3.082080e-18
1.683061e+04 5.594692e-18 3.083493e-18
1.684161e+04 6.570623e-18 3.084912e-18
1.685261e+04 1.199725e-18 3.086337e-18
1.686361e+04 3.667232e-18 3.087767e-18
1.687461e+04 1.593445e-18 3.089203e-18
1.688561e+04 4.744507e-18 3.090643e-18
1.689661e+04 6.042116e-18 3.092090e-18
1.690761e+04 8.262916e-18 3.093541e-18
1.691861e+04 4.140018e-18 3.094997e-18
1.692961e+04 6.487116e-18 3.096458e-18
1.694061e+04 6.159237e-18 3.097924e-18
1.695161e+04 2.742084e-18 3.099395e-18
1.696261e+04 6.459906e-18 3.100871e-18
1.697361e+04 7.264091e-18 3.102351e-18
1.698461e+04 6.495174e-18 3.103836e-18
1.699561e+04 3.446046e-18 3.105325e-18
1.700661e+04 3.353347e-18 3.106819e-18
1.701761e+04 6.603253e-18 3.108317e-18
1.702861e+04 5.372836e-18 3.109819e-18
1.703961e+04 2.817687e-18 3.111325e-18
1.705061e+04 4.675067e-18 3.112835e-18
1.706161e+04 3.246388e-18 3.114350e-18
1.707261e+04 4.189253e-18 3.115868e-18
1.708361e+04 4.726666e-18 3.117389e-18
1.709461e+04 5.330565e-18 3.118915e-18
1.710561e+04 1.543835e-18 3.120444e-18
1.711661e+04 5.352625e-18 3.121976e-18
1.712761e+04 6.011789e-18 3.123513e-18
1.713861e+04 6.240261e-18 3.125052e-18
1.714961e+04 3.876586e-18 3.126595e-18
1.716061e+04 5.197290e-18 3.128140e-18
1.717161e+04 2.286131e-18 3.129689e-18
1.718261e+04 7.536568e-18 3.131241e-18
1.719361e+04 7.398955e-18 3.132796e-18
1.720461e+04 5.390430e-18 3.134354e-18
1.721561e+04 4.042113e-18 3.135915e-18
1.722661e+04 4.514028e-18 3.137478e-18
1.723761e+04 1.334714e-18 3.139043e-18
1.724861e+04 4.812353e-18 3.140611e-18
1.725961e+04 4.842708e-18 3.142182e-18
1.727061e+04 3.427332e-18 3.143754e-18
1.728161e+04 5.302505e-18 3.145329e-18
1.729261e+04 8.473409e-18 3.146906e-18
1.730361e+04 8.454984e-18 3.148485e-18
1.731461e+04 4.867488e-18 3.150066e-18
1.732561e+04 1.902700e-18 3.151649e-18
1.733661e+04 7.480095e-18 3.153233e-18
1.734761e+04 6.632868e-18 3.154819e-18
1.735861e+04 5.005077e-18 3.156407e-18
1.736961e+04 6.290287e-18 3.157997e-18
1.738061e+04 4.694744e-18 3.159588e-18
1.739161e+04 3.541486e-18 3.161181e-18
1.740261e+04 4.520575e-18 3.162774e-18
1.741361e+04 8.427948e-18 3.164370e-18
1.742461e+04 5.869314e-18 3.165966e-18
1.743561e+04 4.748476e-18 3.167563e-18
1.744661e+04 4.226088e-18 3.169162e-18
1.745761e+04 2.768072e-18 3.170762e-18
1.746861e+04 5.737807e-18 3.172362e-18
1.747961e+04 4.833269e-18 3.173963e-18
1.749061e+04 6.217180e-18 3.175565e-18
1.750161e+04 5.100544e-18 3.177168e-18
1.751261e+04 6.077258e-18 3.178772e-18
1.752361e+04 2.288942e-18 3.180376e-18
1.753461e+04 2.747191e-18 3.181980e-18
1.754561e+04 2.929834e-18 3.183585e-18
1.755661e+04 6.074173e-18 3.185191e-18
1.756761e+04 4.379031e-18 3.186796e-18
1.757861e+04 4.061292e-18 3.188402e-18
1.758961e+04 3.524626e-18 3.190008e-18
1.760061e+04 2.745109e-18 3.191614e-18
1.761161e+04 4.443586e-18 3.193221e-18
1.762261e+04 6.745957e-18 3.194827e-18
1.763361e+04 2.807343e-18 3.196433e-18
1.764461e+04 6.619880e-18 3.198039e-18
1.765561e+04 6.407760e-18 3.199645e-18
1.766661e+04 1.180027e-18 3.201250e-18
1.767761e+04 5.594844e-18 3.202856e-18
1.768861e+04 7.703449e-18 3.204460e-18
1.769961e+04 1.285561e-17 3.206065e-18
1.771061e+04 3.498808e-17 3.207669e-18
1.772161e+04 6.031032e-17 3.209272e-18
1.773261e+04 3.678049e-17 3.210875e-18
1.774361e+04 9.549112e-18 3.212477e-18
1.775461e+04 9.582396e-18 3.214079e-18
1.776561e+04 8.969749e-18 3.215679e-18
1.777661e+04 1.531160e-17 3.217279e-18
1.778761e+04 4.198977e-18 3.218878e-18
1.779861e+04 3.393694e-18 3.220476e-18
1.780961e+04 4.849338e-18 3.222073e-18
1.782061e+04 4.293891e-18 3.223669e-18
1.783161e+04 1.060478e-17 3.225264e-18
1.784261e+04 4.659048e-18 3.226858e-18
1.785361e+04 5.790993e-18 3.228451e-18
1.786461e+04 1.685625e-18 3.230042e-18
1.787561e+04 5.524202e-18 3.231632e-18
1.788661e+04 5.134147e-18 3.233221e-18
1.789761e+04 3.518500e-18 3.234809e-18
1.790861e+04 2.768188e-18 3.236395e-18
1.791961e+04 5.240575e-18 3.237979e-18
1.793061e+04 3.702507e-18 3.239562e-18
1.794161e+04 1.830863e-18 3.241144e-18
1.795261e+04 4.281524e-18 3.242724e-18
1.796361e+04 3.210177e-18 3.244302e-18
1.797461e+04 5.439849e-18 3.245879e-18
1.798561e+04 4.930064e-18 3.247454e-18
1.799661e+04 3.836630e-18 3.249028e-18
1.800761e+04 2.623877e-18 3.250599e-18
1.801861e+04 6.793119e-18 3.252169e-18
1.802961e+04 4.729698e-18 3.253737e-18
1.804061e+04 2.788413e-18 3.255303e-18
1.805161e+04 4.889676e-18 3.256868e-18
1.806261e+04 4.250259e-18 3.258430e-18
1.807361e+04 5.518581e-18 3.259991e-18
1.808461e+04 4.162540e-18 3.261549e-18
1.809561e+04 5.137006e-18 3.263106e-18
1.810661e+04 4.159062e-18 3.264660e-18
1.811761e+04 4.589689e-18 3.266212e-18
1.812861e+04 1.192604e-17 3.267762e-18
1.813961e+04 1.352904e-17 3.269311e-18
1.815061e+04 6.905007e-18 3.270856e-18
1.816161e+04 1.042739e-17 3.272400e-18
1.817261e+04 8.932231e-18 3.273941e-18
1.818361e+04 7.012655e-18 3.275480e-18
1.819461e+04 6.675821e-18 3.277017e-18
1.820561e+04 4.167479e-18 3.278551e-18
1.821661e+04 8.064586e-18 3.280084e-18
1.822761e+04 4.431071e-18 3.281613e-18
1.823861e+04 3.869332e-18 3.283140e-18
1.824961e+04 5.535291e-18 3.284665e-18
1.826061e+04 6.385767e-18 3.286187e-18
1.827161e+04 3.843006e-18 3.287707e-18
1.828261e+04 5.330548e-18 3.289224e-18
1.829361e+04 5.702161e-18 3.290739e-18
1.830461e+04 3.764041e-18 3.292250e-18
1.831561e+04 2.254531e-18 3.293760e-18
1.832661e+04 1.114909e-18 3.295266e-18
1.833761e+04 3.190991e-18 3.296770e-18
1.834861e+04 5.601078e-18 3.298271e-18
1.835961e+04 4.229550e-18 3.299769e-18
1.837061e+04 5.642213e-18 3.301265e-18
1.838161e+04 4.191412e-18 3.302758e-18
1.839261e+04 2.011735e-18 3.304248e-18
1.840361e+04 4.893601e-18 3.305735e-18
1.841461e+04 3.176267e-18 3.307220e-18
1.842561e+04 3.911316e-18 3.308702e-18
1.843661e+04 8.692030e-18 3.310180e-18
1.844761e+04 4.390022e-18 3.311656e-18
1.845861e+04 3.446051e-18 3.313129e-18
1.846961e+04 3.833569e-18 3.314599e-18
1.848061e+04 4.307390e-18 3.316067e-18
1.849161e+04 1.174345e-18 3.317531e-18
1.850261e+04 4.917324e-18 3.318992e-18
1.851361e+04 1.353196e-18 3.320451e-18
1.852461e+04 3.189882e-18 3.321906e-18
1.853561e+04 3.596838e-18 3.323359e-18
1.854661e+04 9.762674e-18 3.324808e-18
1.855761e+04 7.788784e-18 3.326254e-18
1.856861e+04 7.120269e-18 3.327698e-18
1.857961e+04 5.331118e-18 3.329138e-18
1.859061e+04 2.518007e-18 3.330575e-18
1.860161e+04 4.418870e-18 3.332010e-18
1.861261e+04 5.607740e-18 3.333441e-18
1.862361e+04 6.663642e-18 3.334869e-18
1.863461e+04 4.313398e-18 3.336294e-18
1.864561e+04 5.950159e-18 3.337716e-18
1.865661e+04 7.119307e-18 3.339135e-18
1.866761e+04 5.494680e-18 3.340550e-18
1.867861e+04 4.394097e-18 3.341963e-18
1.868961e+04 4.583216e-18 3.343372e-18
1.870061e+04 5.932645e-18 3.344779e-18
1.871161e+04 7.810312e-18 3.346182e-18
1.872261e+04 3.815249e-18 3.347582e-18
1.873361e+04 3.591768e-18 3.348978e-18
1.874461e+04 3.271047e-18 3.350372e-18
1.875561e+04 3.970667e-18 3.351763e-18
1.876661e+04 3.821139e-18 3.353150e-18
1.877761e+04 2.888956e-18 3.354534e-18
1.878861e+04 4.771579e-18 3.355915e-18
1.879961e+04 2.732082e-18 3.357293e-18
1.881061e+04 7.245319e-18 3.358667e-18
1.882161e+04 3.859146e-18 3.360038e-18
1.883261e+04 1.437388e-18 3.361406e-18
1.884361e+04 3.881792e-18 3.362771e-18
1.885461e+04 3.680913e-18 3.364133e-18
1.886561e+04 4.409709e-18 3.365491e-18
1.887661e+04 4.772158e-18 3.366846e-18
1.888761e+04 4.677819e-18 3.368198e-18
1.889861e+04 8.366801e-18 3.369547e-18
1.890961e+04 6.583463e-18 3.370892e-18
1.892061e+04 7.012350e-18 3.372234e-18
1.893161e+04 4.467989e-18 3.373573e-18
1.894261e+04 3.074370e-18 3.374909e-18
1.895361e+04 4.311425e-18 3.376241e-18
1.896461e+04 5.339943e-18 3.377570e-18
1.897561e+04 4.829592e-18 3.378896e-18
1.898661e+04 4.683875e-18 3.380219e-18
1.899761e+04 5.744925e-18 3.381538e-18
1.900861e+04 4.205684e-18 3.382854e-18
1.901961e+04 6.428366e-18 3.384167e-18
1.903061e+04 3.837132e-18 3.385477e-18
1.904161e+04 3.967154e-18 3.386784e-18
1.905261e+04 3.648890e-18 3.388087e-18
1.906361e+04 6.968663e-18 3.389388e-18
1.907461e+04 5.011172e-18 3.390685e-18
1.908561e+04 9.200674e-19 3.391978e-18
1.909661e+04 4.862319e-18 3.393269e-18
1.910761e+04 2.588403e-18 3.394557e-18
1.911861e+04 6.646560e-18 3.395841e-18
1.912961e+04 2.777303e-18 3.397122e-18
1.914061e+04 5.894934e-18 3.398400e-18
1.915161e+04 4.611467e-18 3.399674e-18
1.916261e+04 4.688609e-18 3.400945e-18
1.917361e+04 4.955344e-18 3.402214e-18
1.918461e+04 5.633620e-18 3.403478e-18
1.919561e+04 -1.872291e-18 3.404740e-18
1.920661e+04 2.744901e-18 3.405998e-18
1.921761e+04 2.235677e-18 3.407253e-18
1.922861e+04 3.470137e-19 3.408505e-18
1.923961e+04 4.701224e-18 3.409754e-18
1.925061e+04 1.433610e-18 3.410999e-18
1.926161e+04 5.538490e-18 3.412241e-18
1.927261e+04 5.611069e-18 3.413480e-18
1.928361e+04 4.953943e-18 3.414715e-18
1.929461e+04 5.047723e-18 3.415948e-18
