# wavelength (A)  f_lam (erg/s/cm2/A) fe_lam (erg/s/cm2/A)
1.000387e+04 4.777339e-18 4.690676e-18
1.001487e+04 -7.452343e-19 4.696171e-18
1.002587e+04 4.001767e-19 4.701670e-18
1.003687e+04 4.911887e-18 4.707175e-18
1.004787e+04 2.885398e-18 4.712684e-18
1.005887e+04 6.175908e-19 4.718197e-18
1.006987e+04 1.414033e-18 4.723713e-18
1.008087e+04 1.147996e-18 4.729233e-18
1.009187e+04 5.836363e-19 4.734756e-18
1.010287e+04 5.798940e-19 4.740282e-18
1.011387e+04 5.510368e-18 4.745810e-18
1.012487e+04 1.886703e-18 4.751340e-18
1.013587e+04 3.163503e-18 4.756871e-18
1.014687e+04 -9.136101e-19 4.762403e-18
1.015787e+04 3.935753e-18 4.767937e-18
1.016887e+04 -4.439812e-19 4.773470e-18
1.017987e+04 2.675879e-18 4.779004e-18
1.019087e+04 2.737473e-18 4.784537e-18
1.020187e+04 -3.434455e-18 4.790070e-18
1.021287e+04 -7.076907e-19 4.795602e-18
1.022387e+04 8.620791e-19 4.801132e-18
1.023487e+04 3.323383e-18 4.806660e-18
1.024587e+04 1.032540e-18 4.812186e-18
1.025687e+04 1.183596e-18 4.817710e-18
1.026787e+04 -2.646768e-18 4.823230e-18
1.027887e+04 3.650349e-18 4.828748e-18
1.028987e+04 2.853535e-18 4.834261e-18
1.030087e+04 4.753839e-19 4.839771e-18
1.031187e+04 -1.109565e-18 4.845276e-18
1.032287e+04 2.326614e-18 4.850776e-18
1.033387e+04 1.789146e-18 4.856271e-18
1.034487e+04 -1.343332e-18 4.861761e-18
1.035587e+04 -1.815561e-18 4.867244e-18
1.036687e+04 4.284888e-19 4.872722e-18
1.037787e+04 -3.916826e-19 4.878192e-18
1.038887e+04 7.606573e-18 4.883655e-18
1.039987e+04 1.744065e-18 4.889111e-18
1.041087e+04 6.632651e-18 4.894559e-18
1.042187e+04 1.789218e-17 4.899999e-18
1.043287e+04 8.577251e-18 4.905431e-18
1.044387e+04 4.055933e-19 4.910853e-18
1.045487e+04 -1.584355e-18 4.916266e-18
1.046587e+04 3.174555e-18 4.921669e-18
1.047687e+04 6.959894e-18 4.927062e-18
1.048787e+04 4.338838e-19 4.932444e-18
1.049887e+04 4.788340e-18 4.937816e-18
1.050987e+04 1.358684e-18 4.943176e-18
1.052087e+04 7.131363e-19 4.948525e-18
1.053187e+04 3.626114e-18 4.953862e-18
1.054287e+04 2.107422e-18 4.959186e-18
1.055387e+04 2.484649e-18 4.964498e-18
1.056487e+04 4.460270e-18 4.969796e-18
1.057587e+04 -4.062068e-18 4.975081e-18
1.058687e+04 2.217665e-19 4.980352e-18
1.059787e+04 2.154560e-18 4.985609e-18
1.060887e+04 -3.893506e-18 4.990851e-18
1.061987e+04 2.640827e-18 4.996078e-18
1.063087e+04 5.015921e-18 5.001290e-18
1.064187e+04 5.802660e-18 5.006485e-18
1.065287e+04 -5.707169e-19 5.011665e-18
1.066387e+04 2.230122e-18 5.016828e-18
1.067487e+04 -1.124130e-18 5.021975e-18
1.068587e+04 -6.372805e-20 5.027104e-18
1.069687e+04 -7.018202e-19 5.032215e-18
1.070787e+04 8.481204e-19 5.037308e-18
1.071887e+04 7.098686e-18 5.042383e-18
1.072987e+04 2.621917e-18 5.047440e-18
1.074087e+04 3.690316e-18 5.052477e-18
1.075187e+04 -2.120401e-18 5.057494e-18
1.076287e+04 -6.480934e-19 5.062492e-18
1.077387e+04 -6.044718e-19 5.067470e-18
1.078487e+04 -4.842394e-19 5.072427e-18
1.079587e+04 8.895288e-19 5.077363e-18
1.080687e+04 1.880865e-18 5.082278e-18
1.081787e+04 5.114252e-18 5.087171e-18
1.082887e+04 4.648410e-18 5.092042e-18
1.083987e+04 1.312852e-18 5.096890e-18
1.085087e+04 9.180123e-19 5.101716e-18
1.086187e+04 5.544803e-19 5.106519e-18
1.087287e+04 8.116588e-18 5.111299e-18
1.088387e+04 4.190241e-18 5.116054e-18
1.089487e+04 2.139622e-19 5.120786e-18
1.090587e+04 7.237131e-19 5.125493e-18
1.091687e+04 1.090302e-18 5.130175e-18
1.092787e+04 2.302766e-18 5.134832e-18
1.093887e+04 1.415953e-18 5.139464e-18
1.094987e+04 8.500633e-19 5.144069e-18
1.096087e+04 2.905468e-18 5.148649e-18
1.097187e+04 3.942854e-19 5.153201e-18
1.098287e+04 4.627553e-18 5.157727e-18
1.099387e+04 -1.807212e-18 5.162226e-18
1.100487e+04 6.012830e-19 5.166697e-18
1.101587e+04 5.133953e-19 5.171140e-18
1.102687e+04 2.370587e-18 5.175555e-18
1.103787e+04 5.056680e-18 5.179941e-18
1.104887e+04 -5.547795e-19 5.184298e-18
1.105987e+04 4.266880e-18 5.188627e-18
1.107087e+04 -2.032479e-18 5.192925e-18
1.108187e+04 -1.711972e-19 5.197194e-18
1.109287e+04 4.497793e-18 5.201432e-18
1.110387e+04 2.968542e-18 5.205640e-18
1.111487e+04 1.887383e-18 5.209817e-18
1.112587e+04 -6.641178e-19 5.213963e-18
1.113687e+04 -1.870482e-18 5.218077e-18
1.114787e+04 -3.392616e-18 5.222160e-18
1.115887e+04 3.410077e-18 5.226211e-18
1.116987e+04 -1.287668e-18 5.230229e-18
1.118087e+04 8.969828e-19 5.234214e-18
1.119187e+04 1.173354e-18 5.238166e-18
1.120287e+04 3.847616e-18 5.242085e-18
1.121387e+04 1.473552e-18 5.245971e-18
1.122487e+04 6.541616e-19 5.249822e-18
1.123587e+04 2.964176e-18 5.253639e-18
1.124687e+04 2.069721e-18 5.257422e-18
1.125787e+04 9.524253e-18 5.261170e-18
1.126887e+04 -1.928396e-19 5.264882e-18
1.127987e+04 1.813591e-18 5.268560e-18
1.129087e+04 2.751416e-18 5.272202e-18
1.130187e+04 3.480970e-18 5.275807e-18
1.131287e+04 5.655063e-18 5.279377e-18
1.132387e+04 -2.874881e-19 5.282910e-18
1.133487e+04 6.828468e-19 5.286406e-18
1.134587e+04 -1.670980e-18 5.289865e-18
1.135687e+04 -3.227122e-18 5.293287e-18
1.136787e+04 1.320567e-18 5.296672e-18
1.137887e+04 3.794646e-18 5.300018e-18
1.138987e+04 2.165169e-18 5.303327e-18
1.140087e+04 1.795455e-18 5.306597e-18
1.141187e+04 -5.360275e-18 5.309828e-18
1.142287e+04 1.935219e-18 5.313021e-18
1.143387e+04 4.478094e-19 5.316174e-18
1.144487e+04 1.715759e-18 5.319288e-18
1.145587e+04 3.259295e-18 5.322363e-18
1.146687e+04 1.441405e-18 5.325398e-18
1.147787e+04 -2.696453e-18 5.328392e-18
1.148887e+04 4.190631e-18 5.331346e-18
1.149987e+04 -2.449628e-19 5.334260e-18
1.151087e+04 1.211433e-18 5.337133e-18
1.152187e+04 5.994431e-18 5.339965e-18
1.153287e+04 1.648298e-18 5.342756e-18
1.154387e+04 -3.436081e-18 5.345505e-18
1.155487e+04 2.707866e-18 5.348213e-18
1.156587e+04 2.161901e-18 5.350878e-18
1.157687e+04 -2.587609e-19 5.353502e-18
1.158787e+04 4.241083e-18 5.356083e-18
1.159887e+04 9.484212e-19 5.358622e-18
1.160987e+04 2.543652e-18 5.361118e-18
1.162087e+04 2.305767e-19 5.363571e-18
1.163187e+04 7.293848e-18 5.365981e-18
1.164287e+04 -3.167705e-19 5.368348e-18
1.165387e+04 6.207776e-18 5.370670e-18
1.166487e+04 2.022905e-17 5.372949e-18
1.167587e+04 1.910331e-17 5.375184e-18
1.168687e+04 5.489852e-18 5.377375e-18
1.169787e+04 1.526840e-18 5.379522e-18
1.170887e+04 3.041347e-18 5.381624e-18
1.171987e+04 2.378354e-18 5.383681e-18
1.173087e+04 4.499215e-18 5.385694e-18
1.174187e+04 3.696260e-18 5.387661e-18
1.175287e+04 2.195587e-18 5.389583e-18
1.176387e+04 3.309413e-18 5.391460e-18
1.177487e+04 -4.994033e-20 5.393292e-18
1.178587e+04 -1.051682e-18 5.395078e-18
1.179687e+04 8.998230e-19 5.396818e-18
1.180787e+04 3.699252e-18 5.398512e-18
1.181887e+04 -7.270383e-19 5.400161e-18
1.182987e+04 -1.501199e-18 5.401763e-18
1.184087e+04 -6.185290e-20 5.403319e-18
1.185187e+04 -5.250898e-19 5.404828e-18
1.186287e+04 2.854058e-18 5.406291e-18
1.187387e+04 4.977879e-18 5.407707e-18
1.188487e+04 5.235972e-18 5.409077e-18
1.189587e+04 3.225445e-17 5.410399e-18
1.190687e+04 4.010403e-17 5.411675e-18
1.191787e+04 1.379860e-17 5.412903e-18
1.192887e+04 1.177861e-20 5.414084e-18
1.193987e+04 2.539997e-18 5.415218e-18
1.195087e+04 -9.728725e-19 5.416305e-18
1.196187e+04 4.535294e-18 5.417344e-18
1.197287e+04 2.390968e-18 5.418335e-18
1.198387e+04 -9.340006e-19 5.419279e-18
1.199487e+04 4.463624e-18 5.420175e-18
1.200587e+04 4.257916e-17 5.421023e-18
1.201687e+04 1.294984e-16 5.421823e-18
1.202787e+04 9.488977e-17 5.422575e-18
1.203887e+04 1.748427e-17 5.423279e-18
1.204987e+04 1.966396e-18 5.423935e-18
1.206087e+04 2.084367e-19 5.424543e-18
1.207187e+04 2.114749e-18 5.425102e-18
1.208287e+04 -3.651738e-18 5.425613e-18
1.209387e+04 4.506232e-18 5.426076e-18
1.210487e+04 1.816923e-18 5.426491e-18
1.211587e+04 4.041861e-18 5.426857e-18
1.212687e+04 2.246295e-18 5.427174e-18
1.213787e+04 -1.758721e-18 5.427443e-18
1.214887e+04 1.442133e-18 5.427664e-18
1.215987e+04 1.118245e-18 5.427836e-18
1.217087e+04 4.089153e-18 5.427959e-18
1.218187e+04 8.503836e-19 5.428034e-18
1.219287e+04 4.172281e-18 5.428060e-18
1.220387e+04 -1.529552e-18 5.428037e-18
1.221487e+04 -2.330683e-18 5.427966e-18
1.222587e+04 -2.332276e-18 5.427846e-18
1.223687e+04 -9.413083e-19 5.427677e-18
1.224787e+04 3.378805e-18 5.427460e-18
1.225887e+04 1.756499e-18 5.427194e-18
1.226987e+04 4.113591e-18 5.426879e-18
1.228087e+04 -2.923856e-19 5.426516e-18
1.229187e+04 -3.475701e-18 5.426104e-18
1.230287e+04 -2.597033e-18 5.425643e-18
1.231387e+04 7.586375e-19 5.425134e-18
1.232487e+04 -9.476719e-19 5.424576e-18
1.233587e+04 3.412625e-18 5.423969e-18
1.234687e+04 -8.554477e-19 5.423314e-18
1.235787e+04 -1.413507e-18 5.422611e-18
1.236887e+04 -1.186236e-18 5.421859e-18
1.237987e+04 8.300570e-19 5.421058e-18
1.239087e+04 -4.727066e-18 5.420210e-18
1.240187e+04 -8.541345e-21 5.419312e-18
1.241287e+04 6.063466e-18 5.418367e-18
1.242387e+04 -3.506062e-19 5.417374e-18
1.243487e+04 -3.490891e-18 5.416333e-18
1.244587e+04 -1.786225e-18 5.415244e-18
1.245687e+04 1.761791e-18 5.414108e-18
1.246787e+04 1.343258e-18 5.412923e-18
1.247887e+04 -4.860633e-18 5.411691e-18
1.248987e+04 -1.492699e-18 5.410412e-18
1.250087e+04 -2.448007e-18 5.409084e-18
1.251187e+04 -2.049094e-18 5.407709e-18
1.252287e+04 8.145194e-19 5.406287e-18
1.253387e+04 1.045508e-18 5.404818e-18
1.254487e+04 -1.527847e-18 5.403301e-18
1.255587e+04 4.398599e-18 5.401737e-18
1.256687e+04 2.926302e-18 5.400126e-18
1.257787e+04 -1.877291e-18 5.398469e-18
1.258887e+04 1.400001e-18 5.396764e-18
1.259987e+04 2.025044e-18 5.395012e-18
1.261087e+04 -1.090845e-18 5.393214e-18
1.262187e+04 8.643510e-19 5.391370e-18
1.263287e+04 -6.610464e-19 5.389479e-18
1.264387e+04 -3.318744e-18 5.387541e-18
1.265487e+04 1.034780e-18 5.385558e-18
1.266587e+04 4.841215e-18 5.383528e-18
1.267687e+04 2.636489e-19 5.381453e-18
1.268787e+04 5.359489e-19 5.379331e-18
1.269887e+04 -7.947120e-19 5.377164e-18
1.270987e+04 7.267268e-19 5.374951e-18
1.272087e+04 9.804721e-19 5.372693e-18
1.273187e+04 5.489447e-18 5.370390e-18
1.274287e+04 1.486084e-18 5.368041e-18
1.275387e+04 -2.158147e-18 5.365648e-18
1.276487e+04 -4.416694e-19 5.363209e-18
1.277587e+04 -8.627519e-19 5.360726e-18
1.278687e+04 -2.593444e-19 5.358199e-18
1.279787e+04 9.609032e-19 5.355626e-18
1.280887e+04 -7.014527e-19 5.353010e-18
1.281987e+04 -9.069798e-19 5.350350e-18
1.283087e+04 3.672566e-18 5.347645e-18
1.284187e+04 2.459629e-18 5.344897e-18
1.285287e+04 1.112658e-18 5.342106e-18
1.286387e+04 1.186034e-18 5.339271e-18
1.287487e+04 3.364969e-18 5.336392e-18
1.288587e+04 9.997314e-19 5.333471e-18
1.289687e+04 3.771051e-18 5.330507e-18
1.290787e+04 -9.988918e-19 5.327500e-18
1.291887e+04 -2.627891e-19 5.324450e-18
1.292987e+04 7.321215e-19 5.321358e-18
1.294087e+04 4.702511e-18 5.318225e-18
1.295187e+04 -3.766379e-18 5.315049e-18
1.296287e+04 4.937923e-18 5.311831e-18
1.297387e+04 -1.234969e-19 5.308572e-18
1.298487e+04 2.106009e-18 5.305271e-18
1.299587e+04 3.257903e-19 5.301930e-18
1.300687e+04 -8.487622e-19 5.298547e-18
1.301787e+04 6.472092e-19 5.295124e-18
1.302887e+04 -1.356493e-18 5.291660e-18
1.303987e+04 1.053006e-18 5.288156e-18
1.305087e+04 8.976819e-19 5.284611e-18
1.306187e+04 1.217650e-18 5.281027e-18
1.307287e+04 5.982029e-20 5.277404e-18
1.308387e+04 5.505151e-18 5.273741e-18
1.309487e+04 2.549746e-18 5.270038e-18
1.310587e+04 1.644686e-18 5.266297e-18
1.311687e+04 4.633998e-18 5.262517e-18
1.312787e+04 -1.380507e-18 5.258698e-18
1.313887e+04 2.344813e-18 5.254841e-18
1.314987e+04 2.365232e-18 5.250946e-18
1.316087e+04 4.830083e-18 5.247013e-18
1.317187e+04 3.517226e-18 5.243043e-18
1.318287e+04 1.769251e-18 5.239035e-18
1.319387e+04 -7.970091e-19 5.234990e-18
1.320487e+04 3.861806e-18 5.230908e-18
1.321587e+04 -7.745344e-20 5.226790e-18
1.322687e+04 2.931788e-19 5.222634e-18
1.323787e+04 2.320866e-18 5.218443e-18
1.324887e+04 1.103198e-18 5.214215e-18
1.325987e+04 2.025775e-18 5.209952e-18
1.327087e+04 3.279670e-18 5.205653e-18
1.328187e+04 1.334708e-18 5.201320e-18
1.329287e+04 -3.332738e-18 5.196951e-18
1.330387e+04 1.931651e-19 5.192547e-18
1.331487e+04 5.509826e-18 5.188109e-18
1.332587e+04 5.749276e-19 5.183636e-18
1.333687e+04 1.304582e-18 5.179130e-18
1.334787e+04 -1.101182e-18 5.174590e-18
1.335887e+04 2.444026e-19 5.170016e-18
1.336987e+04 -2.796416e-18 5.165410e-18
1.338087e+04 1.058836e-18 5.160770e-18
1.339187e+04 1.952963e-18 5.156098e-18
1.340287e+04 2.290412e-18 5.151393e-18
1.341387e+04 4.564122e-18 5.146657e-18
1.342487e+04 -2.161172e-18 5.141888e-18
1.343587e+04 9.189932e-19 5.137088e-18
1.344687e+04 -2.632502e-18 5.132257e-18
1.345787e+04 5.096603e-19 5.127394e-18
1.346887e+04 3.036654e-18 5.122501e-18
1.347987e+04 1.693943e-18 5.117578e-18
1.349087e+04 1.179685e-18 5.112624e-18
1.350187e+04 -6.244025e-19 5.107640e-18
1.351287e+04 3.890658e-18 5.102627e-18
1.352387e+04 1.261234e-18 5.097584e-18
1.353487e+04 3.074178e-18 5.092512e-18
1.354587e+04 -2.317684e-18 5.087411e-18
1.355687e+04 -1.374390e-18 5.082282e-18
1.356787e+04 -1.603397e-18 5.077125e-18
1.357887e+04 3.263179e-18 5.071939e-18
1.358987e+04 -2.462719e-18 5.066726e-18
1.360087e+04 2.106328e-18 5.061486e-18
1.361187e+04 -1.953106e-19 5.056218e-18
1.362287e+04 5.323265e-18 5.050924e-18
1.363387e+04 1.579480e-18 5.045603e-18
1.364487e+04 6.120203e-19 5.040256e-18
1.365587e+04 1.025957e-18 5.034882e-18
1.366687e+04 -4.262050e-19 5.029484e-18
1.367787e+04 1.975125e-18 5.024059e-18
1.368887e+04 8.821211e-19 5.018610e-18
1.369987e+04 -2.286408e-18 5.013136e-18
1.371087e+04 1.712613e-19 5.007637e-18
1.372187e+04 5.677745e-19 5.002114e-18
1.373287e+04 2.522306e-18 4.996567e-18
1.374387e+04 2.169165e-18 4.990996e-18
1.375487e+04 4.713898e-19 4.985402e-18
1.376587e+04 1.350403e-18 4.979785e-18
1.377687e+04 2.457976e-18 4.974144e-18
1.378787e+04 -1.820753e-18 4.968482e-18
1.379887e+04 -3.111781e-19 4.962797e-18
1.380987e+04 -7.985737e-19 4.957090e-18
1.382087e+04 1.237261e-18 4.951362e-18
1.383187e+04 4.559297e-18 4.945612e-18
1.384287e+04 1.999062e-18 4.939841e-18
1.385387e+04 3.766647e-18 4.934049e-18
1.386487e+04 -3.090001e-18 4.928237e-18
1.387587e+04 -1.309521e-18 4.922404e-18
1.388687e+04 -3.969459e-19 4.916552e-18
1.389787e+04 -1.655289e-18 4.910680e-18
1.390887e+04 3.682357e-18 4.904788e-18
1.391987e+04 5.856312e-18 4.898878e-18
1.393087e+04 2.196148e-18 4.892948e-18
1.394187e+04 2.737807e-18 4.887001e-18
1.395287e+04 4.261984e-19 4.881034e-18
1.396387e+04 -2.925540e-18 4.875050e-18
1.397487e+04 2.239013e-18 4.869049e-18
1.398587e+04 -6.676154e-19 4.863030e-18
1.399687e+04 3.222891e-18 4.856994e-18
1.400787e+04 -5.788293e-20 4.850941e-18
1.401887e+04 3.508536e-18 4.844871e-18
1.402987e+04 -1.366866e-18 4.838785e-18
1.404087e+04 2.142284e-18 4.832684e-18
1.405187e+04 -1.764623e-19 4.826566e-18
1.406287e+04 -2.207997e-18 4.820434e-18
1.407387e+04 2.006520e-18 4.814286e-18
1.408487e+04 -2.293480e-18 4.808123e-18
1.409587e+04 3.313140e-18 4.801946e-18
1.410687e+04 3.635215e-18 4.795754e-18
1.411787e+04 4.017506e-18 4.789549e-18
1.412887e+04 6.810382e-18 4.783330e-18
1.413987e+04 -2.423372e-18 4.777097e-18
1.415087e+04 4.114007e-18 4.770851e-18
1.416187e+04 1.799376e-18 4.764593e-18
1.417287e+04 -3.457843e-18 4.758321e-18
1.418387e+04 1.192588e-18 4.752038e-18
1.419487e+04 1.611249e-18 4.745742e-18
1.420587e+04 1.281510e-18 4.739434e-18
1.421687e+04 -2.027028e-19 4.733115e-18
1.422787e+04 -1.033178e-18 4.726784e-18
1.423887e+04 -1.750943e-18 4.720442e-18
1.424987e+04 5.505048e-18 4.714090e-18
1.426087e+04 1.765141e-18 4.707727e-18
1.427187e+04 -3.227103e-19 4.701354e-18
1.428287e+04 3.956197e-18 4.694970e-18
1.429387e+04 2.177015e-18 4.688577e-18
1.430487e+04 -9.912150e-20 4.682175e-18
1.431587e+04 -9.401602e-19 4.675763e-18
1.432687e+04 1.076029e-18 4.669342e-18
1.433787e+04 -2.716769e-18 4.662913e-18
1.434887e+04 9.818576e-19 4.656475e-18
1.435987e+04 -2.046013e-18 4.650029e-18
1.437087e+04 -1.177504e-18 4.643575e-18
1.438187e+04 1.810283e-18 4.637113e-18
1.439287e+04 4.501385e-18 4.630644e-18
1.440387e+04 2.175847e-18 4.624168e-18
1.441487e+04 1.657998e-18 4.617685e-18
1.442587e+04 -1.793027e-18 4.611195e-18
1.443687e+04 -8.395837e-19 4.604699e-18
1.444787e+04 1.776271e-18 4.598197e-18
1.445887e+04 -8.621335e-19 4.591689e-18
1.446987e+04 -6.975521e-19 4.585175e-18
1.448087e+04 1.791771e-18 4.578656e-18
1.449187e+04 -1.884774e-18 4.572131e-18
1.450287e+04 2.065473e-18 4.565602e-18
1.451387e+04 2.974598e-18 4.559068e-18
1.452487e+04 -4.500076e-18 4.552529e-18
1.453587e+04 -1.704103e-18 4.545987e-18
1.454687e+04 2.442207e-19 4.539440e-18
1.455787e+04 2.973309e-19 4.532889e-18
1.456887e+04 -3.926614e-19 4.526336e-18
1.457987e+04 1.749795e-18 4.519778e-18
1.459087e+04 1.155473e-18 4.513218e-18
1.460187e+04 9.538848e-19 4.506655e-18
1.461287e+04 -1.977971e-19 4.500089e-18
1.462387e+04 2.379376e-18 4.493522e-18
1.463487e+04 -4.278516e-18 4.486951e-18
1.464587e+04 4.967476e-20 4.480379e-18
1.465687e+04 3.300804e-19 4.473806e-18
1.466787e+04 2.865986e-19 4.467231e-18
1.467887e+04 -3.745835e-18 4.460654e-18
1.468987e+04 -1.603355e-19 4.454077e-18
1.470087e+04 3.259358e-18 4.447499e-18
1.471187e+04 -7.519394e-19 4.440920e-18
1.472287e+04 1.968698e-18 4.434341e-18
1.473387e+04 2.922494e-18 4.427762e-18
1.474487e+04 -1.059239e-18 4.421183e-18
1.475587e+04 -4.861039e-19 4.414604e-18
1.476687e+04 -1.324803e-18 4.408026e-18
1.477787e+04 1.199692e-18 4.401449e-18
1.478887e+04 2.451215e-18 4.394872e-18
1.479987e+04 -1.433403e-18 4.388296e-18
1.481087e+04 -1.079860e-18 4.381722e-18
1.482187e+04 2.021115e-18 4.375149e-18
1.483287e+04 2.694078e-18 4.368578e-18
1.484387e+04 -3.677423e-19 4.362009e-18
1.485487e+04 3.408563e-18 4.355442e-18
1.486587e+04 9.997752e-20 4.348878e-18
1.487687e+04 5.738443e-19 4.342316e-18
1.488787e+04 1.615559e-18 4.335756e-18
1.489887e+04 2.356406e-18 4.329200e-18
1.490987e+04 -3.972855e-18 4.322646e-18
1.492087e+04 1.881983e-18 4.316096e-18
1.493187e+04 -1.163383e-18 4.309550e-18
1.494287e+04 2.667584e-18 4.303007e-18
1.495387e+04 2.171062e-18 4.296468e-18
1.496487e+04 1.708363e-19 4.289933e-18
1.497587e+04 -1.400988e-18 4.283402e-18
1.498687e+04 -2.043941e-18 4.276875e-18
1.499787e+04 -2.364707e-18 4.270353e-18
1.500887e+04 5.568376e-19 4.263836e-18
1.501987e+04 1.683102e-18 4.257324e-18
1.503087e+04 -4.593969e-18 4.250817e-18
1.504187e+04 3.603507e-18 4.244316e-18
1.505287e+04 -5.581268e-19 4.237819e-18
1.506387e+04 2.816897e-18 4.231329e-18
1.507487e+04 -1.437758e-18 4.224844e-18
1.508587e+04 -1.648015e-18 4.218365e-18
1.509687e+04 -1.740961e-18 4.211893e-18
1.510787e+04 3.877234e-19 4.205426e-18
1.511887e+04 6.721822e-18 4.198967e-18
1.512987e+04 3.637330e-18 4.192513e-18
1.514087e+04 -2.773799e-18 4.186067e-18
1.515187e+04 -4.679887e-18 4.179628e-18
1.516287e+04 -1.467756e-18 4.173196e-18
1.517387e+04 4.846099e-18 4.166771e-18
1.518487e+04 5.049931e-19 4.160353e-18
1.519587e+04 -1.115537e-18 4.153943e-18
1.520687e+04 4.376766e-19 4.147541e-18
1.521787e+04 -3.391031e-18 4.141147e-18
1.522887e+04 3.158521e-18 4.134761e-18
1.523987e+04 2.221172e-18 4.128383e-18
1.525087e+04 2.678773e-18 4.122014e-18
1.526187e+04 4.210868e-19 4.115653e-18
1.527287e+04 -1.859677e-18 4.109300e-18
1.528387e+04 -3.835371e-18 4.102957e-18
1.529487e+04 2.834650e-18 4.096622e-18
1.530587e+04 2.595038e-18 4.090297e-18
1.531687e+04 2.706122e-18 4.083981e-18
1.532787e+04 6.108726e-19 4.077674e-18
1.533887e+04 1.980600e-19 4.071377e-18
1.534987e+04 2.731550e-18 4.065089e-18
1.536087e+04 -1.477103e-18 4.058811e-18
1.537187e+04 1.640241e-18 4.052543e-18
1.538287e+04 -1.941041e-18 4.046285e-18
1.539387e+04 -5.474235e-19 4.040038e-18
1.540487e+04 4.086038e-19 4.033801e-18
1.541587e+04 -3.160219e-19 4.027574e-18
1.542687e+04 1.790717e-18 4.021358e-18
1.543787e+04 5.638428e-19 4.015153e-18
1.544887e+04 2.013456e-18 4.008959e-18
1.545987e+04 -1.685475e-18 4.002775e-18
1.547087e+04 -3.468539e-18 3.996603e-18
1.548187e+04 -4.273289e-19 3.990442e-18
1.549287e+04 1.782393e-18 3.984293e-18
1.550387e+04 -3.367187e-19 3.978155e-18
1.551487e+04 2.745993e-18 3.972029e-18
1.552587e+04 3.626431e-18 3.965914e-18
1.553687e+04 6.470554e-19 3.959811e-18
1.554787e+04 2.795328e-18 3.953721e-18
1.555887e+04 -2.026415e-18 3.947642e-18
1.556987e+04 -2.485859e-18 3.941576e-18
1.558087e+04 -4.571477e-19 3.935522e-18
1.559187e+04 3.003993e-18 3.929481e-18
1.560287e+04 3.580026e-19 3.923452e-18
1.561387e+04 8.744070e-19 3.917436e-18
1.562487e+04 -5.680534e-19 3.911432e-18
1.563587e+04 2.814904e-18 3.905442e-18
1.564687e+04 4.156556e-18 3.899464e-18
1.565787e+04 -5.906408e-18 3.893500e-18
1.566887e+04 -3.867567e-19 3.887549e-18
1.567987e+04 -6.947352e-19 3.881612e-18
1.569087e+04 -4.245642e-19 3.875687e-18
1.570187e+04 4.619510e-19 3.869777e-18
1.571287e+04 -8.233430e-19 3.863880e-18
1.572387e+04 4.441752e-18 3.857997e-18
1.573487e+04 6.407813e-18 3.852128e-18
1.574587e+04 3.053011e-17 3.846272e-18
1.575687e+04 5.340023e-17 3.840431e-18
1.576787e+04 2.389818e-17 3.834604e-18
1.577887e+04 2.581885e-18 3.828792e-18
1.578987e+04 1.588613e-18 3.822993e-18
1.580087e+04 -5.511677e-19 3.817210e-18
1.581187e+04 3.578354e-18 3.811440e-18
1.582287e+04 1.184224e-18 3.805686e-18
1.583387e+04 4.389425e-18 3.799946e-18
1.584487e+04 -8.980976e-19 3.794221e-18
1.585587e+04 4.248788e-19 3.788511e-18
1.586687e+04 -2.932033e-18 3.782817e-18
1.587787e+04 -2.980857e-19 3.777137e-18
1.588887e+04 3.624676e-18 3.771473e-18
1.589987e+04 1.285266e-18 3.765823e-18
1.591087e+04 -1.024166e-18 3.760190e-18
1.592187e+04 -1.336975e-18 3.754572e-18
1.593287e+04 2.386839e-18 3.748969e-18
1.594387e+04 2.781997e-18 3.743383e-18
1.595487e+04 1.446804e-18 3.737812e-18
1.596587e+04 4.814684e-18 3.732257e-18
1.597687e+04 5.153730e-18 3.726717e-18
1.598787e+04 2.295790e-18 3.721194e-18
1.599887e+04 5.372959e-18 3.715688e-18
1.600987e+04 -8.832285e-19 3.710197e-18
1.602087e+04 4.902979e-18 3.704723e-18
1.603187e+04 2.462623e-18 3.699265e-18
1.604287e+04 3.559566e-18 3.693823e-18
1.605387e+04 1.901487e-18 3.688398e-18
1.606487e+04 -3.493752e-18 3.682990e-18
1.607587e+04 7.154731e-19 3.677599e-18
1.608687e+04 3.961969e-18 3.672224e-18
1.609787e+04 3.122883e-19 3.666867e-18
1.610887e+04 -1.779996e-18 3.661526e-18
1.611987e+04 1.308345e-18 3.656202e-18
1.613087e+04 -1.405601e-18 3.650896e-18
1.614187e+04 3.106047e-18 3.645607e-18
1.615287e+04 1.023490e-18 3.640335e-18
1.616387e+04 5.933593e-19 3.635080e-18
1.617487e+04 6.569260e-19 3.629843e-18
1.618587e+04 1.080998e-18 3.624624e-18
1.619687e+04 2.908552e-18 3.619422e-18
1.620787e+04 -1.135861e-19 3.614238e-18
1.621887e+04 -2.819841e-19 3.609072e-18
1.622987e+04 3.865262e-18 3.603923e-18
1.624087e+04 -6.919591e-19 3.598793e-18
1.625187e+04 3.372580e-18 3.593681e-18
1.626287e+04 9.191308e-19 3.588586e-18
1.627387e+04 -5.128142e-20 3.583510e-18
1.628487e+04 2.773322e-18 3.578453e-18
1.629587e+04 1.203427e-18 3.573413e-18
1.630687e+04 -5.782547e-19 3.568392e-18
1.631787e+04 1.719249e-18 3.563390e-18
1.632887e+04 -3.701694e-18 3.558406e-18
1.633987e+04 -1.874045e-18 3.553441e-18
1.635087e+04 -6.559809e-19 3.548494e-18
1.636187e+04 -1.167839e-18 3.543567e-18
1.637287e+04 -3.051051e-18 3.538658e-18
1.638387e+04 9.796170e-19 3.533768e-18
1.639487e+04 1.209873e-18 3.528897e-18
1.640587e+04 -2.341647e-19 3.524046e-18
1.641687e+04 -6.886953e-19 3.519213e-18
1.642787e+04 -4.085470e-19 3.514400e-18
1.643887e+04 -1.811658e-18 3.509606e-18
1.644987e+04 -4.341903e-19 3.504832e-18
1.646087e+04 -1.312889e-18 3.500077e-18
1.647187e+04 3.832141e-19 3.495341e-18
1.648287e+04 1.421128e-18 3.490625e-18
1.649387e+04 -1.058556e-18 3.485929e-18
1.650487e+04 -1.117778e-18 3.481253e-18
1.651587e+04 -2.217538e-19 3.476597e-18
1.652687e+04 2.334951e-18 3.471960e-18
1.653787e+04 9.481747e-19 3.467344e-18
1.654887e+04 7.314936e-19 3.462747e-18
1.655987e+04 -5.068101e-18 3.458171e-18
1.657087e+04 2.258935e-18 3.453615e-18
1.658187e+04 6.507548e-19 3.449079e-18
1.659287e+04 2.329790e-18 3.444564e-18
1.660387e+04 -2.192129e-18 3.440069e-18
1.661487e+04 8.333003e-19 3.435594e-18
1.662587e+04 2.398336e-18 3.431141e-18
1.663687e+04 -3.381749e-18 3.426707e-18
1.664787e+04 1.129524e-18 3.422295e-18
1.665887e+04 -3.412460e-18 3.417903e-18
1.666987e+04 -2.355628e-18 3.413533e-18
1.668087e+04 6.194796e-19 3.409183e-18
1.669187e+04 -4.035081e-18 3.404854e-18
1.670287e+04 -8.147363e-19 3.400547e-18
1.671387e+04 3.799554e-18 3.396260e-18
1.672487e+04 9.240091e-19 3.391995e-18
1.673587e+04 -1.402808e-18 3.387751e-18
1.674687e+04 3.102580e-18 3.383529e-18
1.675787e+04 8.004515e-19 3.379328e-18
1.676887e+04 2.162544e-19 3.375149e-18
1.677987e+04 5.015290e-18 3.370991e-18
1.679087e+04 -1.354708e-18 3.366855e-18
1.680187e+04 -8.628494e-19 3.362741e-18
1.681287e+04 7.053788e-18 3.358649e-18
1.682387e+04 -1.177282e-18 3.354578e-18
1.683487e+04 4.540633e-18 3.350530e-18
1.684587e+04 6.886671e-18 3.346504e-18
1.685687e+04 2.645138e-18 3.342500e-18
1.686787e+04 -4.106161e-20 3.338518e-18
1.687887e+04 -1.815509e-19 3.334558e-18
1.688987e+04 -8.602867e-19 3.330621e-18
1.690087e+04 1.096793e-18 3.326706e-18
1.691187e+04 5.340090e-18 3.322814e-18
1.692287e+04 -2.346858e-19 3.318944e-18
1.693387e+04 -1.498742e-18 3.315097e-18
1.694487e+04 -5.786072e-19 3.311273e-18
1.695587e+04 7.185851e-18 3.307472e-18
1.696687e+04 2.842714e-18 3.303694e-18
1.697787e+04 5.108883e-18 3.299938e-18
1.698887e+04 2.677322e-18 3.296206e-18
1.699987e+04 3.805075e-18 3.292497e-18
1.701087e+04 -9.216633e-19 3.288811e-18
1.702187e+04 -2.145722e-18 3.285148e-18
1.703287e+04 -7.794743e-19 3.281509e-18
1.704387e+04 4.265381e-18 3.277893e-18
1.705487e+04 1.566946e-18 3.274300e-18
1.706587e+04 2.637601e-18 3.270732e-18
1.707687e+04 3.761202e-18 3.267187e-18
1.708787e+04 2.856096e-18 3.263665e-18
1.709887e+04 -4.666427e-18 3.260168e-18
1.710987e+04 2.375557e-18 3.256694e-18
1.712087e+04 1.127568e-18 3.253244e-18
1.713187e+04 1.521836e-18 3.249819e-18
1.714287e+04 2.491770e-18 3.246417e-18
1.715387e+04 1.133772e-19 3.243040e-18
1.716487e+04 -2.688372e-18 3.239687e-18
1.717587e+04 3.329593e-18 3.236359e-18
1.718687e+04 2.733310e-18 3.233055e-18
1.719787e+04 5.858112e-19 3.229775e-18
1.720887e+04 3.121434e-18 3.226520e-18
1.721987e+04 1.552385e-18 3.223290e-18
1.723087e+04 1.830162e-18 3.220084e-18
1.724187e+04 5.964934e-19 3.216904e-18
1.725287e+04 -7.128959e-19 3.213748e-18
1.726387e+04 1.294587e-18 3.210617e-18
1.727487e+04 1.023007e-19 3.207511e-18
1.728587e+04 -2.227354e-18 3.204431e-18
1.729687e+04 -1.572183e-19 3.201375e-18
1.730787e+04 -4.183141e-18 3.198345e-18
1.731887e+04 -2.670784e-18 3.195340e-18
1.732987e+04 -7.869324e-20 3.192361e-18
1.734087e+04 1.650145e-18 3.189407e-18
1.735187e+04 2.632013e-18 3.186479e-18
1.736287e+04 3.642071e-18 3.183577e-18
1.737387e+04 3.063136e-18 3.180700e-18
1.738487e+04 2.139423e-18 3.177849e-18
1.739587e+04 8.188776e-19 3.175025e-18
1.740687e+04 5.854383e-19 3.172226e-18
1.741787e+04 1.030962e-18 3.169453e-18
1.742887e+04 7.307666e-18 3.166706e-18
1.743987e+04 -2.945913e-18 3.163986e-18
1.745087e+04 1.963201e-19 3.161292e-18
1.746187e+04 1.603717e-18 3.158624e-18
1.747287e+04 1.717114e-18 3.155983e-18
1.748387e+04 2.191599e-18 3.153368e-18
1.749487e+04 -1.785840e-19 3.150780e-18
1.750587e+04 1.485736e-18 3.148219e-18
1.751687e+04 5.859614e-18 3.145685e-18
1.752787e+04 -4.178777e-18 3.143177e-18
1.753887e+04 2.840815e-18 3.140696e-18
1.754987e+04 -2.214360e-18 3.138243e-18
1.756087e+04 1.977952e-18 3.135816e-18
1.757187e+04 1.743565e-19 3.133417e-18
1.758287e+04 -2.199127e-18 3.131044e-18
1.759387e+04 -7.196974e-19 3.128700e-18
1.760487e+04 -1.383672e-19 3.126382e-18
1.761587e+04 -1.032481e-20 3.124092e-18
1.762687e+04 3.390224e-18 3.121830e-18
1.763787e+04 1.678473e-18 3.119595e-18
1.764887e+04 -1.603113e-18 3.117388e-18
1.765987e+04 1.708103e-18 3.115209e-18
1.767087e+04 7.392971e-19 3.113058e-18
1.768187e+04 -6.374671e-19 3.110934e-18
1.769287e+04 -2.369053e-18 3.108839e-18
1.770387e+04 2.728497e-19 3.106772e-18
1.771487e+04 9.625709e-19 3.104732e-18
1.772587e+04 2.903383e-18 3.102722e-18
1.773687e+04 2.191440e-18 3.100739e-18
1.774787e+04 -1.226873e-18 3.098785e-18
1.775887e+04 -4.260724e-18 3.096859e-18
1.776987e+04 5.355219e-19 3.094962e-18
1.778087e+04 3.007140e-18 3.093094e-18
1.779187e+04 5.323762e-18 3.091254e-18
1.780287e+04 -8.355104e-19 3.089443e-18
1.781387e+04 3.481273e-18 3.087660e-18
1.782487e+04 1.485510e-18 3.085907e-18
1.783587e+04 1.884395e-19 3.084183e-18
1.784687e+04 2.254233e-18 3.082487e-18
1.785787e+04 3.073159e-18 3.080821e-18
1.786887e+04 2.531459e-18 3.079184e-18
1.787987e+04 2.983902e-18 3.077576e-18
1.789087e+04 1.445844e-18 3.075998e-18
1.790187e+04 -2.506201e-18 3.074449e-18
1.791287e+04 -8.568660e-19 3.072929e-18
1.792387e+04 -1.887120e-18 3.071439e-18
1.793487e+04 -1.738547e-18 3.069979e-18
1.794587e+04 -2.605200e-19 3.068548e-18
1.795687e+04 -2.998529e-18 3.067148e-18
1.796787e+04 2.960067e-19 3.065776e-18
1.797887e+04 9.140897e-19 3.064435e-18
1.798987e+04 -3.211809e-18 3.063124e-18
1.800087e+04 6.745323e-19 3.061843e-18
1.801187e+04 1.301840e-18 3.060592e-18
1.802287e+04 1.158997e-18 3.059371e-18
1.803387e+04 2.402977e-19 3.058180e-18
1.804487e+04 2.086450e-18 3.057019e-18
1.805587e+04 -3.388887e-19 3.055889e-18
1.806687e+04 1.927133e-18 3.054790e-18
1.807787e+04 2.807072e-18 3.053720e-18
1.808887e+04 1.720763e-18 3.052682e-18
1.809987e+04 2.995610e-18 3.051673e-18
1.811087e+04 -4.042332e-18 3.050696e-18
1.812187e+04 2.037193e-18 3.049749e-18
1.813287e+04 3.243919e-18 3.048833e-18
1.814387e+04 2.281861e-18 3.047948e-18
1.815487e+04 4.000497e-18 3.047094e-18
1.816587e+04 2.041269e-18 3.046271e-18
1.817687e+04 2.024739e-18 3.045479e-18
1.818787e+04 1.742620e-18 3.044717e-18
1.819887e+04 7.519022e-19 3.043987e-18
1.820987e+04 -3.997777e-18 3.043289e-18
1.822087e+04 4.900036e-18 3.042621e-18
1.823187e+04 -4.267378e-18 3.041985e-18
1.824287e+04 -8.551318e-19 3.041380e-18
1.825387e+04 1.376865e-19 3.040806e-18
1.826487e+04 1.451698e-19 3.040264e-18
1.827587e+04 1.553664e-18 3.039753e-18
1.828687e+04 -7.029849e-20 3.039274e-18
1.829787e+04 2.547013e-18 3.038827e-18
1.830887e+04 -9.541553e-19 3.038411e-18
1.831987e+04 3.363265e-18 3.038027e-18
1.833087e+04 3.602523e-18 3.037675e-18
1.834187e+04 -1.801412e-18 3.037354e-18
1.835287e+04 -6.315195e-19 3.037065e-18
1.836387e+04 -1.324942e-18 3.036809e-18
1.837487e+04 -8.224360e-19 3.036584e-18
1.838587e+04 2.746765e-18 3.036391e-18
1.839687e+04 -1.328694e-18 3.036230e-18
1.840787e+04 -7.820784e-19 3.036101e-18
1.841887e+04 1.877314e-18 3.036004e-18
1.842987e+04 -1.226138e-18 3.035939e-18
1.844087e+04 2.037405e-18 3.035907e-18
1.845187e+04 2.248392e-18 3.035906e-18
1.846287e+04 5.795320e-19 3.035938e-18
1.847387e+04 -9.681860e-19 3.036003e-18
1.848487e+04 2.188049e-18 3.036099e-18
1.849587e+04 2.228912e-18 3.036228e-18
1.850687e+04 -3.834351e-18 3.036389e-18
1.851787e+04 -6.038724e-19 3.036583e-18
1.852887e+04 -1.260996e-18 3.036809e-18
1.853987e+04 1.322218e-18 3.037067e-18
1.855087e+04 -1.182957e-18 3.037358e-18
1.856187e+04 2.740146e-18 3.037682e-18
1.857287e+04 6.763545e-18 3.038038e-18
1.858387e+04 1.849114e-19 3.038426e-18
1.859487e+04 1.927701e-18 3.038847e-18
1.860587e+04 -1.989579e-18 3.039301e-18
1.861687e+04 -1.388407e-19 3.039788e-18
1.862787e+04 6.615522e-18 3.040307e-18
1.863887e+04 -1.154849e-18 3.040859e-18
1.864987e+04 2.190432e-18 3.041443e-18
1.866087e+04 -1.725249e-19 3.042060e-18
1.867187e+04 -4.675648e-19 3.042710e-18
1.868287e+04 3.256214e-18 3.043393e-18
1.869387e+04 2.254576e-18 3.044108e-18
1.870487e+04 2.964890e-18 3.044856e-18
1.871587e+04 1.940041e-18 3.045637e-18
1.872687e+04 -3.643218e-18 3.046451e-18
1.873787e+04 -5.575653e-19 3.047297e-18
1.874887e+04 9.951084e-19 3.048176e-18
1.875987e+04 9.820418e-19 3.049088e-18
1.877087e+04 6.057512e-18 3.050033e-18
1.878187e+04 3.239740e-18 3.051010e-18
1.879287e+04 6.554793e-19 3.052021e-18
1.880387e+04 1.580015e-18 3.053064e-18
1.881487e+04 4.231365e-18 3.054140e-18
1.882587e+04 3.862629e-19 3.055248e-18
1.883687e+04 7.988614e-19 3.056390e-18
1.884787e+04 1.073641e-18 3.057564e-18
1.885887e+04 4.949310e-19 3.058771e-18
1.886987e+04 -4.558965e-19 3.060011e-18
1.888087e+04 1.889419e-18 3.061283e-18
1.889187e+04 -6.850918e-19 3.062588e-18
1.890287e+04 -7.856569e-19 3.063926e-18
1.891387e+04 -1.193903e-18 3.065297e-18
1.892487e+04 -4.452122e-19 3.066700e-18
1.893587e+04 -9.391809e-19 3.068136e-18
1.894687e+04 3.644231e-18 3.069604e-18
1.895787e+04 8.654321e-20 3.071105e-18
1.896887e+04 -2.997652e-18 3.072639e-18
1.897987e+04 3.945236e-18 3.074205e-18
1.899087e+04 1.254443e-19 3.075804e-18
1.900187e+04 4.942758e-18 3.077435e-18
1.901287e+04 3.290725e-18 3.079099e-18
1.902387e+04 -9.727641e-19 3.080796e-18
1.903487e+04 1.640526e-18 3.082524e-18
1.904587e+04 -2.363956e-19 3.084285e-18
1.905687e+04 -5.800996e-19 3.086079e-18
1.906787e+04 2.341357e-19 3.087904e-18
1.907887e+04 8.479990e-19 3.089762e-18
1.908987e+04 2.955563e-18 3.091653e-18
1.910087e+04 5.114057e-18 3.093575e-18
1.911187e+04 1.404317e-18 3.095530e-18
1.912287e+04 9.965400e-19 3.097516e-18
1.913387e+04 5.150935e-18 3.099535e-18
1.914487e+04 -4.341046e-19 3.101586e-18
1.915587e+04 4.905917e-18 3.103668e-18
1.916687e+04 1.590834e-18 3.105783e-18
1.917787e+04 2.830861e-18 3.107929e-18
1.918887e+04 1.239640e-18 3.110107e-18
1.919987e+04 4.692174e-18 3.112317e-18
1.921087e+04 -6.287540e-18 3.114559e-18
1.922187e+04 -3.221328e-18 3.116832e-18
1.923287e+04 -1.620137e-18 3.119136e-18
1.924387e+04 1.071806e-18 3.121472e-18
1.925487e+04 5.707680e-18 3.123840e-18
1.926587e+04 8.324914e-19 3.126239e-18
1.927687e+04 -2.116345e-19 3.128669e-18
1.928787e+04 -1.747240e-18 3.131130e-18
1.929887e+04 2.020481e-18 3.133623e-18
