# wavelength (A)  f_lam (erg/s/cm2/A) fe_lam (erg/s/cm2/A)
1.000983e+04 5.856669e-18 3.007392e-18
1.002083e+04 -3.420303e-19 3.008064e-18
1.003183e+04 5.198154e-18 3.008736e-18
1.004283e+04 -9.021511e-20 3.009409e-18
1.005383e+04 4.915923e-18 3.010081e-18
1.006483e+04 1.767332e-18 3.010755e-18
1.007583e+04 -3.484417e-19 3.011428e-18
1.008683e+04 3.586886e-18 3.012101e-18
1.009783e+04 4.712604e-18 3.012775e-18
1.010883e+04 3.881244e-18 3.013448e-18
1.011983e+04 9.997432e-19 3.014122e-18
1.013083e+04 4.104319e-18 3.014795e-18
1.014183e+04 -1.079898e-18 3.015468e-18
1.015283e+04 3.472059e-18 3.016141e-18
1.016383e+04 2.462493e-18 3.016813e-18
1.017483e+04 2.702677e-18 3.017485e-18
1.018583e+04 2.551806e-19 3.018157e-18
1.019683e+04 7.328271e-18 3.018828e-18
1.020783e+04 -8.220882e-19 3.019498e-18
1.021883e+04 4.063538e-18 3.020167e-18
1.022983e+04 1.931867e-18 3.020836e-18
1.024083e+04 8.554760e-18 3.021504e-18
1.025183e+04 8.778357e-18 3.022171e-18
1.026283e+04 6.827371e-18 3.022837e-18
1.027383e+04 4.783820e-18 3.023503e-18
1.028483e+04 6.135339e-18 3.024167e-18
1.029583e+04 4.345395e-20 3.024829e-18
1.030683e+04 4.180539e-18 3.025491e-18
1.031783e+04 2.536665e-18 3.026151e-18
1.032883e+04 3.374153e-18 3.026810e-18
1.033983e+04 1.071062e-18 3.027468e-18
1.035083e+04 4.835810e-18 3.028124e-18
1.036183e+04 2.035758e-18 3.028778e-18
1.037283e+04 2.452567e-18 3.029431e-18
1.038383e+04 4.146634e-19 3.030082e-18
1.039483e+04 8.667263e-19 3.030731e-18
1.040583e+04 2.089717e-18 3.031378e-18
1.041683e+04 4.115844e-18 3.032024e-18
1.042783e+04 2.338677e-18 3.032667e-18
1.043883e+04 4.689276e-18 3.033309e-18
1.044983e+04 5.359402e-18 3.033948e-18
1.046083e+04 1.394308e-18 3.034585e-18
1.047183e+04 5.324200e-19 3.035220e-18
1.048283e+04 5.085694e-18 3.035853e-18
1.049383e+04 2.506797e-18 3.036483e-18
1.050483e+04 4.970438e-19 3.037111e-18
1.051583e+04 1.980325e-18 3.037737e-18
1.052683e+04 -9.818003e-19 3.038360e-18
1.053783e+04 4.577247e-18 3.038980e-18
1.054883e+04 4.772745e-19 3.039597e-18
1.055983e+04 1.796085e-18 3.040212e-18
1.057083e+04 5.239721e-18 3.040824e-18
1.058183e+04 4.152804e-18 3.041433e-18
1.059283e+04 4.186778e-18 3.042039e-18
1.060383e+04 -2.363238e-18 3.042643e-18
1.061483e+04 5.234229e-18 3.043243e-18
1.062583e+04 2.752204e-18 3.043840e-18
1.063683e+04 8.575382e-18 3.044433e-18
1.064783e+04 2.660337e-18 3.045024e-18
1.065883e+04 4.075204e-18 3.045611e-18
1.066983e+04 -1.529020e-19 3.046195e-18
1.068083e+04 -4.184721e-19 3.046776e-18
1.069183e+04 7.536701e-18 3.047353e-18
1.070283e+04 4.036114e-18 3.047926e-18
1.071383e+04 3.978222e-18 3.048496e-18
1.072483e+04 1.613520e-19 3.049062e-18
1.073583e+04 1.037150e-18 3.049625e-18
1.074683e+04 4.519512e-18 3.050183e-18
1.075783e+04 3.050260e-18 3.050738e-18
1.076883e+04 -2.179082e-18 3.051289e-18
1.077983e+04 -2.693793e-18 3.051836e-18
1.079083e+04 1.572415e-18 3.052379e-18
1.080183e+04 5.442937e-18 3.052918e-18
1.081283e+04 1.827391e-18 3.053453e-18
1.082383e+04 4.137260e-18 3.053984e-18
1.083483e+04 2.857581e-18 3.054510e-18
1.084583e+04 8.396421e-18 3.055032e-18
1.085683e+04 5.426954e-18 3.055550e-18
1.086783e+04 5.074806e-18 3.056064e-18
1.087883e+04 5.189623e-18 3.056573e-18
1.088983e+04 6.540006e-18 3.057077e-18
1.090083e+04 -4.265149e-18 3.057577e-18
1.091183e+04 4.153735e-18 3.058073e-18
1.092283e+04 3.595072e-18 3.058563e-18
1.093383e+04 5.467005e-18 3.059050e-18
1.094483e+04 -2.854089e-18 3.059531e-18
1.095583e+04 1.148769e-18 3.060007e-18
1.096683e+04 -6.587356e-19 3.060479e-18
1.097783e+04 -9.286832e-19 3.060946e-18
1.098883e+04 3.587418e-18 3.061408e-18
1.099983e+04 3.057743e-18 3.061865e-18
1.101083e+04 3.470664e-18 3.062317e-18
1.102183e+04 1.032745e-18 3.062763e-18
1.103283e+04 5.189341e-19 3.063205e-18
1.104383e+04 1.357256e-18 3.063642e-18
1.105483e+04 5.022655e-18 3.064073e-18
1.106583e+04 2.612498e-18 3.064499e-18
1.107683e+04 -2.706530e-19 3.064920e-18
1.108783e+04 4.848433e-18 3.065335e-18
1.109883e+04 1.399221e-18 3.065745e-18
1.110983e+04 4.615355e-18 3.066150e-18
1.112083e+04 -4.114999e-19 3.066549e-18
1.113183e+04 2.800030e-18 3.066943e-18
1.114283e+04 1.666177e-18 3.067331e-18
1.115383e+04 2.955181e-18 3.067713e-18
1.116483e+04 -3.047637e-18 3.068090e-18
1.117583e+04 2.382613e-18 3.068461e-18
1.118683e+04 -5.911603e-19 3.068827e-18
1.119783e+04 -2.049457e-19 3.069187e-18
1.120883e+04 1.193803e-18 3.069541e-18
1.121983e+04 9.914894e-19 3.069889e-18
1.123083e+04 -3.292519e-18 3.070231e-18
1.124183e+04 5.597500e-18 3.070568e-18
1.125283e+04 1.090046e-18 3.070898e-18
1.126383e+04 5.203724e-18 3.071223e-18
1.127483e+04 2.708538e-18 3.071542e-18
1.128583e+04 3.887717e-18 3.071854e-18
1.129683e+04 3.790187e-18 3.072161e-18
1.130783e+04 3.943918e-18 3.072462e-18
1.131883e+04 4.742123e-18 3.072756e-18
1.132983e+04 -9.597976e-19 3.073045e-18
1.134083e+04 1.303539e-18 3.073327e-18
1.135183e+04 1.802766e-19 3.073603e-18
1.136283e+04 7.284453e-18 3.073873e-18
1.137383e+04 -2.034399e-19 3.074136e-18
1.138483e+04 6.136757e-18 3.074394e-18
1.139583e+04 1.104630e-18 3.074645e-18
1.140683e+04 1.400392e-18 3.074890e-18
1.141783e+04 3.334298e-18 3.075128e-18
1.142883e+04 3.149974e-18 3.075360e-18
1.143983e+04 2.442046e-18 3.075586e-18
1.145083e+04 -1.638024e-19 3.075806e-18
1.146183e+04 2.420290e-18 3.076019e-18
1.147283e+04 4.249127e-18 3.076225e-18
1.148383e+04 1.535083e-18 3.076425e-18
1.149483e+04 -4.428198e-19 3.076619e-18
1.150583e+04 3.985944e-18 3.076806e-18
1.151683e+04 2.281946e-18 3.076986e-18
1.152783e+04 6.364764e-18 3.077161e-18
1.153883e+04 2.244326e-18 3.077328e-18
1.154983e+04 4.361356e-18 3.077489e-18
1.156083e+04 5.989774e-18 3.077644e-18
1.157183e+04 -1.116960e-18 3.077791e-18
1.158283e+04 -2.531506e-18 3.077933e-18
1.159383e+04 1.536443e-18 3.078067e-18
1.160483e+04 -1.188084e-18 3.078195e-18
1.161583e+04 3.992495e-18 3.078317e-18
1.162683e+04 2.128951e-18 3.078432e-18
1.163783e+04 2.675624e-18 3.078540e-18
1.164883e+04 3.184650e-18 3.078641e-18
1.165983e+04 1.502490e-18 3.078736e-18
1.167083e+04 1.514635e-18 3.078824e-18
1.168183e+04 2.042607e-18 3.078906e-18
1.169283e+04 2.285433e-18 3.078981e-18
1.170383e+04 3.143460e-18 3.079049e-18
1.171483e+04 7.013860e-18 3.079110e-18
1.172583e+04 -6.535523e-19 3.079165e-18
1.173683e+04 1.586471e-18 3.079213e-18
1.174783e+04 3.822533e-18 3.079255e-18
1.175883e+04 5.515995e-18 3.079289e-18
1.176983e+04 4.230326e-18 3.079317e-18
1.178083e+04 2.530645e-18 3.079339e-18
1.179183e+04 4.426061e-19 3.079353e-18
1.180283e+04 5.353170e-18 3.079361e-18
1.181383e+04 1.491721e-18 3.079363e-18
1.182483e+04 8.658405e-19 3.079357e-18
1.183583e+04 4.775928e-19 3.079345e-18
1.184683e+04 8.183916e-18 3.079326e-18
1.185783e+04 -1.278624e-18 3.079301e-18
1.186883e+04 4.274004e-19 3.079269e-18
1.187983e+04 -8.002742e-19 3.079230e-18
1.189083e+04 8.768770e-19 3.079185e-18
1.190183e+04 6.056436e-18 3.079133e-18
1.191283e+04 5.755567e-18 3.079074e-18
1.192383e+04 1.405059e-18 3.079009e-18
1.193483e+04 3.162208e-18 3.078937e-18
1.194583e+04 3.311932e-18 3.078859e-18
1.195683e+04 1.637811e-18 3.078774e-18
1.196783e+04 2.805396e-18 3.078682e-18
1.197883e+04 7.608867e-19 3.078584e-18
1.198983e+04 -3.974265e-19 3.078479e-18
1.200083e+04 -1.201783e-18 3.078368e-18
1.201183e+04 -3.409004e-18 3.078251e-18
1.202283e+04 2.474506e-18 3.078126e-18
1.203383e+04 6.228434e-19 3.077996e-18
1.204483e+04 -4.783644e-18 3.077858e-18
1.205583e+04 3.695770e-18 3.077715e-18
1.206683e+04 1.292438e-18 3.077565e-18
1.207783e+04 4.688551e-19 3.077408e-18
1.208883e+04 1.607102e-20 3.077245e-18
1.209983e+04 8.794428e-19 3.077076e-18
1.211083e+04 4.532337e-18 3.076901e-18
1.212183e+04 -1.195589e-18 3.076719e-18
1.213283e+04 3.565388e-18 3.076531e-18
1.214383e+04 1.515661e-17 3.076336e-18
1.215483e+04 1.911229e-17 3.076135e-18
1.216583e+04 6.880030e-18 3.075928e-18
1.217683e+04 2.978792e-18 3.075715e-18
1.218783e+04 1.901133e-18 3.075496e-18
1.219883e+04 1.386502e-18 3.075270e-18
1.220983e+04 1.353325e-18 3.075039e-18
1.222083e+04 1.129394e-19 3.074801e-18
1.223183e+04 6.244353e-19 3.074557e-18
1.224283e+04 5.344437e-19 3.074307e-18
1.225383e+04 7.769607e-19 3.074051e-18
1.226483e+04 2.439355e-18 3.073789e-18
1.227583e+04 4.076637e-19 3.073522e-18
1.228683e+04 1.180897e-18 3.073248e-18
1.229783e+04 -8.545017e-19 3.072968e-18
1.230883e+04 4.735329e-19 3.072683e-18
1.231983e+04 2.543072e-18 3.072391e-18
1.233083e+04 2.178654e-18 3.072094e-18
1.234183e+04 4.423494e-18 3.071791e-18
1.235283e+04 8.327373e-21 3.071483e-18
1.236383e+04 2.226073e-18 3.071168e-18
1.237483e+04 4.808493e-19 3.070848e-18
1.238583e+04 6.603210e-18 3.070523e-18
1.239683e+04 1.244623e-17 3.070192e-18
1.240783e+04 5.480551e-18 3.069855e-18
1.241883e+04 2.627755e-18 3.069513e-18
1.242983e+04 2.739263e-18 3.069165e-18
1.244083e+04 -1.849991e-18 3.068812e-18
1.245183e+04 -1.468752e-18 3.068453e-18
1.246283e+04 -4.027251e-19 3.068089e-18
1.247383e+04 2.318400e-18 3.067720e-18
1.248483e+04 3.195802e-19 3.067345e-18
1.249583e+04 2.992051e-18 3.066966e-18
1.250683e+04 2.325655e-17 3.066581e-18
1.251783e+04 3.834804e-17 3.066190e-18
1.252883e+04 1.763170e-17 3.065795e-18
1.253983e+04 4.024857e-18 3.065395e-18
1.255083e+04 3.379496e-18 3.064990e-18
1.256183e+04 -1.506694e-18 3.064579e-18
1.257283e+04 2.538148e-18 3.064164e-18
1.258383e+04 1.034738e-18 3.063744e-18
1.259483e+04 8.712909e-19 3.063319e-18
1.260583e+04 3.550544e-18 3.062889e-18
1.261683e+04 1.983039e-18 3.062454e-18
1.262783e+04 1.547978e-18 3.062015e-18
1.263883e+04 -1.869248e-18 3.061571e-18
1.264983e+04 -5.204051e-18 3.061122e-18
1.266083e+04 3.428362e-18 3.060668e-18
1.267183e+04 1.191209e-18 3.060210e-18
1.268283e+04 -3.811267e-19 3.059748e-18
1.269383e+04 2.964508e-18 3.059281e-18
1.270483e+04 9.307920e-19 3.058809e-18
1.271583e+04 1.906868e-19 3.058334e-18
1.272683e+04 -4.514373e-19 3.057853e-18
1.273783e+04 2.358006e-18 3.057369e-18
1.274883e+04 -1.445531e-18 3.056880e-18
1.275983e+04 1.306819e-18 3.056388e-18
1.277083e+04 2.542972e-18 3.055891e-18
1.278183e+04 1.253733e-18 3.055390e-18
1.279283e+04 -1.347128e-18 3.054884e-18
1.280383e+04 4.544846e-19 3.054375e-18
1.281483e+04 8.666494e-19 3.053862e-18
1.282583e+04 7.447050e-18 3.053346e-18
1.283683e+04 2.846546e-19 3.052825e-18
1.284783e+04 1.941887e-18 3.052300e-18
1.285883e+04 -6.092431e-19 3.051772e-18
1.286983e+04 7.187769e-21 3.051240e-18
1.288083e+04 2.447058e-18 3.050705e-18
1.289183e+04 1.953817e-18 3.050166e-18
1.290283e+04 3.448017e-18 3.049623e-18
1.291383e+04 2.788181e-18 3.049077e-18
1.292483e+04 -3.269724e-19 3.048527e-18
1.293583e+04 2.523611e-18 3.047975e-18
1.294683e+04 2.678268e-18 3.047418e-18
1.295783e+04 1.774792e-18 3.046859e-18
1.296883e+04 5.124007e-18 3.046296e-18
1.297983e+04 6.366833e-19 3.045730e-18
1.299083e+04 3.339345e-18 3.045161e-18
1.300183e+04 4.492724e-19 3.044589e-18
1.301283e+04 1.006259e-18 3.044014e-18
1.302383e+04 1.355257e-18 3.043436e-18
1.303483e+04 2.764843e-18 3.042856e-18
1.304583e+04 4.060930e-18 3.042272e-18
1.305683e+04 4.114925e-18 3.041685e-18
1.306783e+04 3.716522e-18 3.041096e-18
1.307883e+04 3.069454e-18 3.040504e-18
1.308983e+04 -2.929406e-18 3.039909e-18
1.310083e+04 -1.273188e-18 3.039312e-18
1.311183e+04 1.581623e-18 3.038712e-18
1.312283e+04 4.663452e-19 3.038110e-18
1.313383e+04 4.048121e-18 3.037506e-18
1.314483e+04 4.046926e-18 3.036898e-18
1.315583e+04 -3.258402e-18 3.036289e-18
1.316683e+04 4.530244e-19 3.035677e-18
1.317783e+04 5.125636e-18 3.035063e-18
1.318883e+04 1.174208e-18 3.034447e-18
1.319983e+04 8.076155e-19 3.033829e-18
1.321083e+04 -7.680995e-19 3.033209e-18
1.322183e+04 8.167105e-19 3.032587e-18
1.323283e+04 2.465229e-18 3.031962e-18
1.324383e+04 5.398366e-19 3.031336e-18
1.325483e+04 6.166430e-19 3.030708e-18
1.326583e+04 1.601960e-18 3.030078e-18
1.327683e+04 -1.131543e-19 3.029446e-18
1.328783e+04 1.760668e-18 3.028813e-18
1.329883e+04 -2.675298e-19 3.028178e-18
1.330983e+04 3.168807e-18 3.027541e-18
1.332083e+04 -2.175816e-19 3.026903e-18
1.333183e+04 1.122537e-18 3.026263e-18
1.334283e+04 2.797448e-18 3.025621e-18
1.335383e+04 9.730087e-19 3.024979e-18
1.336483e+04 1.713584e-18 3.024334e-18
1.337583e+04 3.881090e-18 3.023689e-18
1.338683e+04 -2.003942e-18 3.023042e-18
1.339783e+04 1.407557e-18 3.022394e-18
1.340883e+04 -2.268628e-18 3.021745e-18
1.341983e+04 -1.054320e-18 3.021094e-18
1.343083e+04 -1.422522e-18 3.020443e-18
1.344183e+04 5.541827e-18 3.019790e-18
1.345283e+04 6.603197e-18 3.019137e-18
1.346383e+04 -2.474895e-18 3.018482e-18
1.347483e+04 -1.634247e-18 3.017827e-18
1.348583e+04 7.573283e-19 3.017171e-18
1.349683e+04 8.070538e-19 3.016514e-18
1.350783e+04 1.966959e-18 3.015857e-18
1.351883e+04 2.878874e-18 3.015199e-18
1.352983e+04 -2.355796e-18 3.014540e-18
1.354083e+04 -3.468553e-19 3.013880e-18
1.355183e+04 -3.966465e-20 3.013220e-18
1.356283e+04 1.510019e-18 3.012559e-18
1.357383e+04 1.571642e-18 3.011898e-18
1.358483e+04 3.297699e-18 3.011236e-18
1.359583e+04 3.238144e-18 3.010574e-18
1.360683e+04 -1.725295e-18 3.009912e-18
1.361783e+04 3.565922e-18 3.009249e-18
1.362883e+04 1.295112e-18 3.008586e-18
1.363983e+04 4.362663e-18 3.007923e-18
1.365083e+04 2.928376e-18 3.007259e-18
1.366183e+04 2.573682e-18 3.006595e-18
1.367283e+04 3.710572e-18 3.005931e-18
1.368383e+04 -7.596815e-19 3.005267e-18
1.369483e+04 -8.370526e-19 3.004603e-18
1.370583e+04 -1.068747e-18 3.003939e-18
1.371683e+04 1.195383e-18 3.003274e-18
1.372783e+04 2.182745e-20 3.002610e-18
1.373883e+04 2.496971e-18 3.001946e-18
1.374983e+04 3.348944e-18 3.001282e-18
1.376083e+04 2.055264e-18 3.000618e-18
1.377183e+04 4.160159e-18 2.999954e-18
1.378283e+04 -1.968847e-19 2.999290e-18
1.379383e+04 -4.566076e-18 2.998627e-18
1.380483e+04 6.053828e-18 2.997964e-18
1.381583e+04 -3.366048e-18 2.997301e-18
1.382683e+04 -1.964276e-18 2.996638e-18
1.383783e+04 3.087665e-18 2.995975e-18
1.384883e+04 2.520633e-18 2.995313e-18
1.385983e+04 1.597732e-18 2.994652e-18
1.387083e+04 2.013696e-18 2.993990e-18
1.388183e+04 2.943253e-18 2.993329e-18
1.389283e+04 4.272585e-18 2.992669e-18
1.390383e+04 -2.393821e-18 2.992009e-18
1.391483e+04 -8.318860e-19 2.991350e-18
1.392583e+04 1.305727e-18 2.990691e-18
1.393683e+04 6.384762e-18 2.990032e-18
1.394783e+04 4.954427e-19 2.989374e-18
1.395883e+04 6.280871e-18 2.988717e-18
1.396983e+04 2.614943e-18 2.988060e-18
1.398083e+04 4.550234e-19 2.987404e-18
1.399183e+04 1.651952e-18 2.986749e-18
1.400283e+04 6.290927e-18 2.986094e-18
1.401383e+04 -1.207959e-18 2.985440e-18
1.402483e+04 2.251019e-18 2.984787e-18
1.403583e+04 2.627550e-18 2.984134e-18
1.404683e+04 2.277256e-18 2.983482e-18
1.405783e+04 1.442925e-18 2.982831e-18
1.406883e+04 -1.388522e-18 2.982181e-18
1.407983e+04 -3.305141e-18 2.981531e-18
1.409083e+04 4.450698e-18 2.980882e-18
1.410183e+04 3.179370e-18 2.980234e-18
1.411283e+04 -3.973466e-19 2.979587e-18
1.412383e+04 4.095670e-18 2.978941e-18
1.413483e+04 3.074960e-18 2.978295e-18
1.414583e+04 -8.451127e-19 2.977650e-18
1.415683e+04 4.359972e-18 2.977006e-18
1.416783e+04 1.405576e-19 2.976363e-18
1.417883e+04 -2.877028e-18 2.975721e-18
1.418983e+04 3.453182e-18 2.975080e-18
1.420083e+04 -9.570645e-19 2.974440e-18
1.421183e+04 1.523806e-18 2.973800e-18
1.422283e+04 1.356985e-18 2.973162e-18
1.423383e+04 3.213785e-18 2.972524e-18
1.424483e+04 1.881195e-19 2.971888e-18
1.425583e+04 1.137838e-19 2.971252e-18
1.426683e+04 8.338317e-19 2.970617e-18
1.427783e+04 1.882919e-18 2.969983e-18
1.428883e+04 -3.082074e-21 2.969350e-18
1.429983e+04 2.574698e-18 2.968718e-18
1.431083e+04 3.405190e-18 2.968087e-18
1.432183e+04 1.253437e-18 2.967457e-18
1.433283e+04 2.527941e-18 2.966827e-18
1.434383e+04 1.481708e-18 2.966199e-18
1.435483e+04 -2.121770e-19 2.965571e-18
1.436583e+04 3.981698e-18 2.964945e-18
1.437683e+04 1.233921e-18 2.964319e-18
1.438783e+04 -2.825682e-18 2.963694e-18
1.439883e+04 -7.492733e-19 2.963070e-18
1.440983e+04 1.482067e-18 2.962447e-18
1.442083e+04 6.096585e-18 2.961825e-18
1.443183e+04 -1.207133e-18 2.961203e-18
1.444283e+04 1.517371e-18 2.960583e-18
1.445383e+04 2.932735e-18 2.959963e-18
1.446483e+04 2.581029e-19 2.959344e-18
1.447583e+04 7.820009e-19 2.958726e-18
1.448683e+04 2.744510e-18 2.958109e-18
1.449783e+04 -2.180127e-18 2.957493e-18
1.450883e+04 8.381711e-19 2.956877e-18
1.451983e+04 1.041248e-18 2.956263e-18
1.453083e+04 -1.705759e-18 2.955649e-18
1.454183e+04 -1.571413e-18 2.955036e-18
1.455283e+04 1.365832e-18 2.954423e-18
1.456383e+04 -2.210295e-18 2.953812e-18
1.457483e+04 3.838005e-18 2.953201e-18
1.458583e+04 1.438295e-18 2.952590e-18
1.459683e+04 6.418654e-19 2.951981e-18
1.460783e+04 1.013194e-18 2.951372e-18
1.461883e+04 2.989949e-18 2.950764e-18
1.462983e+04 4.078082e-20 2.950156e-18
1.464083e+04 2.138372e-18 2.949549e-18
1.465183e+04 1.913303e-18 2.948943e-18
1.466283e+04 1.514102e-18 2.948337e-18
1.467383e+04 2.093593e-18 2.947732e-18
1.468483e+04 4.412954e-18 2.947127e-18
1.469583e+04 5.330345e-18 2.946523e-18
1.470683e+04 2.915346e-19 2.945920e-18
1.471783e+04 -1.045802e-18 2.945317e-18
1.472883e+04 1.431343e-18 2.944714e-18
1.473983e+04 4.154646e-18 2.944111e-18
1.475083e+04 7.308574e-18 2.943510e-18
1.476183e+04 2.701386e-18 2.942908e-18
1.477283e+04 9.154519e-19 2.942307e-18
1.478383e+04 4.011870e-18 2.941706e-18
1.479483e+04 2.272191e-19 2.941105e-18
1.480583e+04 1.683610e-18 2.940505e-18
1.481683e+04 1.128896e-18 2.939905e-18
1.482783e+04 5.354718e-18 2.939305e-18
1.483883e+04 2.182124e-18 2.938706e-18
1.484983e+04 4.553518e-18 2.938106e-18
1.486083e+04 -1.273907e-18 2.937507e-18
1.487183e+04 3.147097e-18 2.936907e-18
1.488283e+04 2.994569e-18 2.936308e-18
1.489383e+04 -3.535388e-19 2.935709e-18
1.490483e+04 1.795818e-18 2.935110e-18
1.491583e+04 -1.901453e-18 2.934510e-18
1.492683e+04 -4.992555e-18 2.933911e-18
1.493783e+04 1.766373e-18 2.933312e-18
1.494883e+04 -1.305487e-18 2.932712e-18
1.495983e+04 2.645681e-18 2.932112e-18
1.497083e+04 -1.034431e-18 2.931512e-18
1.498183e+04 -4.010498e-19 2.930912e-18
1.499283e+04 3.144966e-18 2.930312e-18
1.500383e+04 3.366912e-19 2.929711e-18
1.501483e+04 1.357926e-18 2.929110e-18
1.502583e+04 -3.906994e-19 2.928508e-18
1.503683e+04 2.361079e-18 2.927906e-18
1.504783e+04 -3.538764e-18 2.927304e-18
1.505883e+04 -1.300022e-18 2.926701e-18
1.506983e+04 4.891330e-18 2.926097e-18
1.508083e+04 5.648358e-19 2.925493e-18
1.509183e+04 2.314000e-18 2.924888e-18
1.510283e+04 4.015150e-18 2.924283e-18
1.511383e+04 -2.510091e-19 2.923677e-18
1.512483e+04 1.331108e-18 2.923070e-18
1.513583e+04 -3.975394e-18 2.922463e-18
1.514683e+04 5.341807e-20 2.921854e-18
1.515783e+04 2.132096e-18 2.921245e-18
1.516883e+04 3.030455e-18 2.920635e-18
1.517983e+04 -7.502675e-19 2.920024e-18
1.519083e+04 -1.057343e-18 2.919412e-18
1.520183e+04 5.298334e-18 2.918799e-18
1.521283e+04 9.890931e-19 2.918185e-18
1.522383e+04 2.532061e-20 2.917569e-18
1.523483e+04 3.735096e-18 2.916953e-18
1.524583e+04 -2.016120e-19 2.916335e-18
1.525683e+04 -1.281367e-18 2.915717e-18
1.526783e+04 2.925885e-18 2.915096e-18
1.527883e+04 -1.593203e-18 2.914475e-18
1.528983e+04 1.290594e-18 2.913852e-18
1.530083e+04 1.872912e-18 2.913228e-18
1.531183e+04 2.435686e-18 2.912602e-18
1.532283e+04 -2.599655e-19 2.911975e-18
1.533383e+04 -1.982726e-18 2.911346e-18
1.534483e+04 2.737810e-18 2.910716e-18
1.535583e+04 3.545301e-18 2.910084e-18
1.536683e+04 3.237816e-18 2.909450e-18
1.537783e+04 -1.309666e-18 2.908815e-18
1.538883e+04 -1.550870e-18 2.908177e-18
1.539983e+04 4.601277e-18 2.907538e-18
1.541083e+04 -5.205119e-19 2.906897e-18
1.542183e+04 4.206648e-18 2.906255e-18
1.543283e+04 -4.037108e-19 2.905610e-18
1.544383e+04 1.703450e-18 2.904963e-18
1.545483e+04 2.765273e-18 2.904314e-18
1.546583e+04 1.354131e-18 2.903663e-18
1.547683e+04 -3.208197e-18 2.903010e-18
1.548783e+04 3.095978e-18 2.902355e-18
1.549883e+04 3.607052e-20 2.901697e-18
1.550983e+04 -2.049122e-19 2.901037e-18
1.552083e+04 -3.587754e-18 2.900375e-18
1.553183e+04 2.663425e-18 2.899710e-18
1.554283e+04 1.460026e-18 2.899043e-18
1.555383e+04 -1.627537e-18 2.898373e-18
1.556483e+04 -3.194395e-19 2.897701e-18
1.557583e+04 -3.872091e-19 2.897026e-18
1.558683e+04 -2.085036e-19 2.896349e-18
1.559783e+04 6.499234e-21 2.895669e-18
1.560883e+04 2.286717e-19 2.894986e-18
1.561983e+04 -7.716321e-19 2.894300e-18
1.563083e+04 1.970944e-18 2.893612e-18
1.564183e+04 4.113056e-18 2.892921e-18
1.565283e+04 3.876101e-18 2.892227e-18
1.566383e+04 2.603942e-18 2.891530e-18
1.567483e+04 1.264042e-18 2.890830e-18
1.568583e+04 -2.593245e-19 2.890127e-18
1.569683e+04 9.590643e-20 2.889420e-18
1.570783e+04 5.605965e-18 2.888711e-18
1.571883e+04 4.426955e-19 2.887999e-18
1.572983e+04 3.649114e-18 2.887283e-18
1.574083e+04 2.940613e-18 2.886564e-18
1.575183e+04 -8.627815e-19 2.885842e-18
1.576283e+04 3.155319e-18 2.885116e-18
1.577383e+04 -1.428898e-18 2.884387e-18
1.578483e+04 1.152899e-18 2.883655e-18
1.579583e+04 4.380072e-18 2.882919e-18
1.580683e+04 2.505999e-18 2.882180e-18
1.581783e+04 1.009752e-19 2.881437e-18
1.582883e+04 -1.201822e-18 2.880690e-18
1.583983e+04 -1.792291e-18 2.879940e-18
1.585083e+04 2.462562e-18 2.879186e-18
1.586183e+04 3.586213e-18 2.878429e-18
1.587283e+04 2.204577e-18 2.877667e-18
1.588383e+04 3.991044e-18 2.876902e-18
1.589483e+04 -7.962629e-19 2.876133e-18
1.590583e+04 5.334303e-19 2.875360e-18
1.591683e+04 1.960335e-19 2.874584e-18
1.592783e+04 -2.486280e-19 2.873803e-18
1.593883e+04 2.293561e-18 2.873018e-18
1.594983e+04 1.281361e-18 2.872229e-18
1.596083e+04 2.885850e-18 2.871437e-18
1.597183e+04 1.891352e-18 2.870640e-18
1.598283e+04 -1.345719e-19 2.869839e-18
1.599383e+04 -2.822598e-18 2.869033e-18
1.600483e+04 1.655769e-18 2.868224e-18
1.601583e+04 1.470635e-19 2.867410e-18
1.602683e+04 -5.069022e-19 2.866592e-18
1.603783e+04 -1.536095e-18 2.865770e-18
1.604883e+04 3.057698e-18 2.864943e-18
1.605983e+04 1.327974e-18 2.864112e-18
1.607083e+04 3.001065e-18 2.863277e-18
1.608183e+04 -4.395764e-19 2.862437e-18
1.609283e+04 2.695713e-18 2.861593e-18
1.610383e+04 7.649538e-19 2.860744e-18
1.611483e+04 1.969611e-18 2.859890e-18
1.612583e+04 -1.616892e-18 2.859032e-18
1.613683e+04 1.539889e-18 2.858170e-18
1.614783e+04 5.852496e-19 2.857303e-18
1.615883e+04 6.197672e-19 2.856431e-18
1.616983e+04 -4.784627e-18 2.855554e-18
1.618083e+04 8.652571e-18 2.854673e-18
1.619183e+04 2.464500e-18 2.853787e-18
1.620283e+04 -3.957138e-19 2.852896e-18
1.621383e+04 3.739325e-18 2.852000e-18
1.622483e+04 5.384221e-18 2.851099e-18
1.623583e+04 -9.992388e-19 2.850194e-18
1.624683e+04 -1.603446e-19 2.849284e-18
1.625783e+04 1.738161e-18 2.848369e-18
1.626883e+04 3.185772e-18 2.847449e-18
1.627983e+04 2.191447e-18 2.846523e-18
1.629083e+04 -2.591377e-18 2.845593e-18
1.630183e+04 -8.213038e-19 2.844658e-18
1.631283e+04 -5.036662e-18 2.843718e-18
1.632383e+04 6.246582e-18 2.842773e-18
1.633483e+04 2.357066e-18 2.841823e-18
1.634583e+04 -4.836174e-18 2.840868e-18
1.635683e+04 -3.705336e-18 2.839908e-18
1.636783e+04 -1.931136e-18 2.838942e-18
1.637883e+04 1.181823e-18 2.837972e-18
1.638983e+04 4.345378e-18 2.836996e-18
1.640083e+04 2.768275e-17 2.836015e-18
1.641183e+04 3.146805e-17 2.835029e-18
1.642283e+04 1.341454e-17 2.834038e-18
1.643383e+04 2.911416e-18 2.833042e-18
1.644483e+04 3.606421e-19 2.832040e-18
1.645583e+04 -5.108776e-18 2.831033e-18
1.646683e+04 -1.467369e-18 2.830021e-18
1.647783e+04 2.437705e-18 2.829004e-18
1.648883e+04 3.032365e-18 2.827981e-18
1.649983e+04 4.656643e-18 2.826954e-18
1.651083e+04 -2.905388e-18 2.825921e-18
1.652183e+04 7.518549e-19 2.824882e-18
1.653283e+04 1.445879e-18 2.823838e-18
1.654383e+04 4.419777e-18 2.822789e-18
1.655483e+04 1.893341e-18 2.821735e-18
1.656583e+04 -2.677353e-18 2.820676e-18
1.657683e+04 7.246740e-18 2.819611e-18
1.658783e+04 -3.768785e-20 2.818540e-18
1.659883e+04 9.184749e-19 2.817465e-18
1.660983e+04 -1.166171e-18 2.816384e-18
1.662083e+04 2.222724e-18 2.815298e-18
1.663183e+04 -1.893777e-18 2.814206e-18
1.664283e+04 -1.072704e-18 2.813109e-18
1.665383e+04 1.353745e-18 2.812007e-18
1.666483e+04 -2.215745e-18 2.810900e-18
1.667583e+04 3.572256e-18 2.809787e-18
1.668683e+04 2.951568e-18 2.808669e-18
1.669783e+04 -1.077834e-18 2.807545e-18
1.670883e+04 -1.937269e-18 2.806417e-18
1.671983e+04 3.574271e-18 2.805283e-18
1.673083e+04 1.410326e-18 2.804144e-18
1.674183e+04 2.803927e-18 2.802999e-18
1.675283e+04 -8.333607e-19 2.801849e-18
1.676383e+04 -3.289262e-18 2.800694e-18
1.677483e+04 4.108536e-18 2.799534e-18
1.678583e+04 -5.804080e-19 2.798369e-18
1.679683e+04 4.616042e-18 2.797198e-18
1.680783e+04 4.790841e-18 2.796022e-18
1.681883e+04 2.356955e-18 2.794841e-18
1.682983e+04 2.875629e-18 2.793655e-18
1.684083e+04 1.941417e-18 2.792463e-18
1.685183e+04 1.873022e-18 2.791267e-18
1.686283e+04 3.095970e-18 2.790065e-18
1.687383e+04 -4.148378e-18 2.788858e-18
1.688483e+04 -1.737050e-18 2.787647e-18
1.689583e+04 1.970240e-18 2.786430e-18
1.690683e+04 -1.724211e-18 2.785208e-18
1.691783e+04 4.689259e-18 2.783981e-18
1.692883e+04 -1.817792e-18 2.782749e-18
1.693983e+04 6.697720e-19 2.781511e-18
1.695083e+04 -1.204954e-18 2.780269e-18
1.696183e+04 -2.016334e-18 2.779023e-18
1.697283e+04 -2.273164e-18 2.777771e-18
1.698383e+04 -2.093508e-18 2.776514e-18
1.699483e+04 -3.103041e-19 2.775252e-18
1.700583e+04 3.232901e-18 2.773986e-18
1.701683e+04 4.182495e-19 2.772715e-18
1.702783e+04 -2.314880e-18 2.771439e-18
1.703883e+04 2.744520e-18 2.770158e-18
1.704983e+04 3.895332e-18 2.768872e-18
1.706083e+04 1.761317e-18 2.767582e-18
1.707183e+04 2.238335e-18 2.766287e-18
1.708283e+04 3.353912e-18 2.764988e-18
1.709383e+04 -1.011096e-18 2.763684e-18
1.710483e+04 2.754375e-18 2.762375e-18
1.711583e+04 -3.735292e-18 2.761062e-18
1.712683e+04 2.909748e-18 2.759744e-18
1.713783e+04 -9.883839e-19 2.758422e-18
1.714883e+04 1.661984e-18 2.757096e-18
1.715983e+04 6.533465e-19 2.755765e-18
1.717083e+04 3.174342e-18 2.754430e-18
1.718183e+04 7.517005e-19 2.753090e-18
1.719283e+04 1.108739e-18 2.751746e-18
1.720383e+04 4.904797e-19 2.750398e-18
1.721483e+04 1.924330e-18 2.749046e-18
1.722583e+04 2.629862e-18 2.747690e-18
1.723683e+04 -6.792118e-19 2.746330e-18
1.724783e+04 1.103997e-18 2.744965e-18
1.725883e+04 4.907286e-18 2.743597e-18
1.726983e+04 2.677080e-18 2.742225e-18
1.728083e+04 3.748133e-18 2.740848e-18
1.729183e+04 4.140611e-18 2.739468e-18
1.730283e+04 1.946858e-18 2.738084e-18
1.731383e+04 1.669702e-18 2.736697e-18
1.732483e+04 2.322502e-18 2.735305e-18
1.733583e+04 2.111889e-18 2.733910e-18
1.734683e+04 -5.764790e-20 2.732512e-18
1.735783e+04 -3.939340e-18 2.731109e-18
1.736883e+04 1.333061e-21 2.729704e-18
1.737983e+04 -1.604155e-19 2.728295e-18
1.739083e+04 -3.130382e-19 2.726882e-18
1.740183e+04 5.097490e-19 2.725466e-18
1.741283e+04 8.347779e-19 2.724047e-18
1.742383e+04 -3.053218e-18 2.722625e-18
1.743483e+04 2.763581e-18 2.721199e-18
1.744583e+04 -2.551000e-19 2.719770e-18
1.745683e+04 -2.845970e-18 2.718339e-18
1.746783e+04 -1.239713e-18 2.716904e-18
1.747883e+04 -6.860885e-19 2.715466e-18
1.748983e+04 -3.087277e-18 2.714026e-18
1.750083e+04 2.462158e-19 2.712583e-18
1.751183e+04 -4.900338e-19 2.711136e-18
1.752283e+04 -7.774458e-19 2.709688e-18
1.753383e+04 6.320448e-18 2.708236e-18
1.754483e+04 1.367993e-18 2.706782e-18
1.755583e+04 4.205505e-18 2.705326e-18
1.756683e+04 6.682533e-19 2.703867e-18
1.757783e+04 -6.629337e-19 2.702406e-18
1.758883e+04 2.439989e-18 2.700942e-18
1.759983e+04 4.361077e-18 2.699477e-18
1.761083e+04 2.270479e-19 2.698009e-18
1.762183e+04 1.001620e-18 2.696539e-18
1.763283e+04 2.002086e-18 2.695067e-18
1.764383e+04 4.529036e-18 2.693593e-18
1.765483e+04 1.858416e-18 2.692117e-18
1.766583e+04 -2.361887e-20 2.690639e-18
1.767683e+04 1.785862e-18 2.689160e-18
1.768783e+04 3.390228e-18 2.687679e-18
1.769883e+04 -2.920684e-18 2.686196e-18
1.770983e+04 -3.367241e-19 2.684712e-18
1.772083e+04 2.617520e-18 2.683226e-18
1.773183e+04 7.056609e-19 2.681739e-18
1.774283e+04 -3.206808e-18 2.680250e-18
1.775383e+04 3.239094e-19 2.678761e-18
1.776483e+04 -3.665260e-20 2.677270e-18
1.777583e+04 -4.927527e-18 2.675778e-18
1.778683e+04 -1.417653e-18 2.674285e-18
1.779783e+04 5.324862e-21 2.672791e-18
1.780883e+04 1.855523e-19 2.671297e-18
1.781983e+04 -2.506471e-19 2.669801e-18
1.783083e+04 7.612030e-19 2.668305e-18
1.784183e+04 1.585045e-18 2.666809e-18
1.785283e+04 3.186912e-18 2.665311e-18
1.786383e+04 4.703123e-18 2.663814e-18
1.787483e+04 2.523290e-18 2.662316e-18
1.788583e+04 2.054430e-18 2.660817e-18
1.789683e+04 1.176916e-19 2.659319e-18
1.790783e+04 -5.341876e-18 2.657820e-18
1.791883e+04 1.312959e-18 2.656321e-18
1.792983e+04 2.869401e-18 2.654823e-18
1.794083e+04 1.949317e-18 2.653324e-18
1.795183e+04 2.153876e-18 2.651826e-18
1.796283e+04 1.203111e-18 2.650328e-18
1.797383e+04 9.829559e-19 2.648830e-18
1.798483e+04 5.569829e-19 2.647332e-18
1.799583e+04 -3.023060e-18 2.645836e-18
1.800683e+04 -4.939325e-20 2.644340e-18
1.801783e+04 1.802367e-18 2.642844e-18
1.802883e+04 8.022657e-19 2.641350e-18
1.803983e+04 4.762703e-18 2.639856e-18
1.805083e+04 -2.611541e-19 2.638363e-18
1.806183e+04 4.592357e-18 2.636872e-18
1.807283e+04 -4.393475e-19 2.635381e-18
1.808383e+04 -3.011648e-18 2.633892e-18
1.809483e+04 1.751689e-18 2.632404e-18
1.810583e+04 4.340780e-18 2.630917e-18
1.811683e+04 -7.515367e-19 2.629432e-18
1.812783e+04 -3.080733e-18 2.627948e-18
1.813883e+04 2.176794e-18 2.626467e-18
1.814983e+04 7.456797e-19 2.624987e-18
1.816083e+04 2.056550e-18 2.623508e-18
1.817183e+04 -1.707988e-18 2.622032e-18
1.818283e+04 5.282635e-19 2.620558e-18
1.819383e+04 -2.582875e-18 2.619086e-18
1.820483e+04 5.410885e-18 2.617616e-18
1.821583e+04 -2.329208e-18 2.616148e-18
1.822683e+04 -9.521896e-19 2.614683e-18
1.823783e+04 -3.355299e-18 2.613220e-18
1.824883e+04 1.780821e-18 2.611760e-18
1.825983e+04 7.380802e-19 2.610303e-18
1.827083e+04 -3.653279e-18 2.608848e-18
1.828183e+04 1.158468e-18 2.607396e-18
1.829283e+04 8.857796e-19 2.605947e-18
1.830383e+04 3.077137e-18 2.604502e-18
1.831483e+04 -1.696686e-18 2.603059e-18
1.832583e+04 3.060340e-18 2.601619e-18
1.833683e+04 6.237711e-19 2.600183e-18
1.834783e+04 2.797097e-18 2.598750e-18
1.835883e+04 -1.389255e-18 2.597321e-18
1.836983e+04 1.890813e-18 2.595895e-18
1.838083e+04 -1.404599e-18 2.594473e-18
1.839183e+04 -4.113145e-19 2.593055e-18
1.840283e+04 1.989301e-18 2.591641e-18
1.841383e+04 1.333242e-20 2.590230e-18
1.842483e+04 3.654549e-18 2.588824e-18
1.843583e+04 3.871669e-18 2.587422e-18
1.844683e+04 -3.054880e-18 2.586024e-18
1.845783e+04 -2.915343e-18 2.584631e-18
1.846883e+04 -2.321912e-18 2.583241e-18
1.847983e+04 1.162970e-18 2.581857e-18
1.849083e+04 -2.994781e-19 2.580477e-18
1.850183e+04 -3.576781e-18 2.579102e-18
1.851283e+04 -4.493990e-18 2.577731e-18
1.852383e+04 7.842282e-19 2.576366e-18
1.853483e+04 2.676874e-19 2.575005e-18
1.854583e+04 1.418714e-18 2.573650e-18
1.855683e+04 -9.355946e-19 2.572300e-18
1.856783e+04 3.203096e-18 2.570955e-18
1.857883e+04 -2.883846e-18 2.569615e-18
1.858983e+04 8.184600e-19 2.568281e-18
1.860083e+04 7.675960e-19 2.566952e-18
1.861183e+04 2.094395e-18 2.565629e-18
1.862283e+04 4.735153e-18 2.564312e-18
1.863383e+04 -1.657812e-18 2.563001e-18
1.864483e+04 -4.315529e-18 2.561696e-18
1.865583e+04 7.735333e-20 2.560396e-18
1.866683e+04 1.232062e-18 2.559103e-18
1.867783e+04 -2.323798e-18 2.557816e-18
1.868883e+04 9.613068e-19 2.556535e-18
1.869983e+04 4.731125e-18 2.555261e-18
1.871083e+04 1.035971e-18 2.553993e-18
1.872183e+04 -1.346827e-18 2.552732e-18
1.873283e+04 3.797914e-19 2.551477e-18
1.874383e+04 -2.885854e-18 2.550229e-18
1.875483e+04 -4.335390e-19 2.548988e-18
1.876583e+04 3.332433e-18 2.547754e-18
1.877683e+04 3.196200e-18 2.546527e-18
1.878783e+04 4.430812e-19 2.545307e-18
1.879883e+04 2.309077e-18 2.544094e-18
1.880983e+04 7.153887e-18 2.542889e-18
1.882083e+04 2.722629e-18 2.541691e-18
1.883183e+04 3.150173e-20 2.540500e-18
1.884283e+04 5.329950e-18 2.539317e-18
1.885383e+04 1.865881e-18 2.538142e-18
1.886483e+04 -6.103322e-19 2.536974e-18
1.887583e+04 5.019037e-18 2.535814e-18
1.888683e+04 -5.004185e-19 2.534662e-18
1.889783e+04 5.863308e-19 2.533519e-18
1.890883e+04 -9.424395e-19 2.532383e-18
1.891983e+04 1.561562e-18 2.531255e-18
1.893083e+04 2.109305e-18 2.530136e-18
1.894183e+04 -2.986091e-18 2.529025e-18
1.895283e+04 1.436069e-18 2.527922e-18
1.896383e+04 -1.903036e-18 2.526828e-18
1.897483e+04 2.308514e-18 2.525743e-18
1.898583e+04 1.949283e-19 2.524666e-18
1.899683e+04 7.142382e-19 2.523598e-18
1.900783e+04 2.128555e-18 2.522539e-18
1.901883e+04 1.956986e-18 2.521489e-18
1.902983e+04 2.473339e-18 2.520448e-18
1.904083e+04 2.565056e-18 2.519416e-18
1.905183e+04 4.540723e-19 2.518394e-18
1.906283e+04 5.104104e-19 2.517380e-18
1.907383e+04 2.056566e-18 2.516376e-18
1.908483e+04 3.413409e-18 2.515382e-18
1.909583e+04 3.645448e-19 2.514397e-18
1.910683e+04 -5.450808e-20 2.513421e-18
1.911783e+04 -2.058669e-18 2.512455e-18
1.912883e+04 -2.573159e-18 2.511499e-18
1.913983e+04 -4.497687e-18 2.510553e-18
1.915083e+04 4.408449e-18 2.509617e-18
1.916183e+04 3.543730e-18 2.508691e-18
1.917283e+04 -1.959794e-19 2.507775e-18
1.918383e+04 3.463589e-18 2.506869e-18
1.919483e+04 9.540900e-19 2.505973e-18
1.920583e+04 -1.773342e-18 2.505087e-18
1.921683e+04 2.387446e-18 2.504212e-18
1.922783e+04 -3.872619e-18 2.503348e-18
1.923883e+04 9.690244e-19 2.502494e-18
1.924983e+04 2.930296e-19 2.501650e-18
1.926083e+04 9.458986e-19 2.500818e-18
1.927183e+04 3.231257e-18 2.499996e-18
1.928283e+04 3.766962e-18 2.499185e-18
1.929383e+04 1.825117e-18 2.498384e-18
